   8.6364746093750000e-03
   8.9416503906250000e-03
   8.3923339843750000e-03
   8.9111328125000000e-03
   8.3923339843750000e-03
   8.3618164062500000e-03
   8.6364746093750000e-03
   8.6059570312500000e-03
   8.5754394531250000e-03
   8.3923339843750000e-03
   8.0871582031250000e-03
   8.3312988281250000e-03
   8.2702636718750000e-03
   8.1787109375000000e-03
   8.4228515625000000e-03
   8.1787109375000000e-03
   8.3312988281250000e-03
   8.1176757812500000e-03
   8.3923339843750000e-03
   8.2092285156250000e-03
   8.0566406250000000e-03
   7.9345703125000000e-03
   7.3242187500000000e-03
   7.1411132812500000e-03
   6.1645507812500000e-03
   5.4321289062500000e-03
   5.3405761718750000e-03
   4.3640136718750000e-03
   4.1809082031250000e-03
   3.4790039062500000e-03
   3.5705566406250000e-03
   2.2888183593750000e-03
   1.6784667968750000e-03
   6.1035156250000000e-04
   4.8828125000000000e-04
  -3.0517578125000000e-04
  -1.1291503906250000e-03
  -2.1362304687500000e-03
  -3.2043457031250000e-03
  -4.2114257812500000e-03
  -5.2795410156250000e-03
  -6.4697265625000000e-03
  -6.9885253906250000e-03
  -8.6364746093750000e-03
  -9.3078613281250000e-03
  -9.9792480468750000e-03
  -1.0986328125000000e-02
  -1.1627197265625000e-02
  -1.2329101562500000e-02
  -1.2695312500000000e-02
  -1.3000488281250000e-02
  -1.4160156250000000e-02
  -1.4831542968750000e-02
  -1.6326904296875000e-02
  -1.7242431640625000e-02
  -1.8493652343750000e-02
  -1.9989013671875000e-02
  -2.0355224609375000e-02
  -2.1179199218750000e-02
  -2.1759033203125000e-02
  -2.1911621093750000e-02
  -2.1575927734375000e-02
  -2.1148681640625000e-02
  -2.0965576171875000e-02
  -1.9989013671875000e-02
  -2.0080566406250000e-02
  -2.0690917968750000e-02
  -2.0324707031250000e-02
  -1.9866943359375000e-02
  -1.8249511718750000e-02
  -1.7700195312500000e-02
  -1.6906738281250000e-02
  -1.4953613281250000e-02
  -1.4709472656250000e-02
  -1.3092041015625000e-02
  -1.2145996093750000e-02
  -1.1871337890625000e-02
  -1.1566162109375000e-02
  -1.2542724609375000e-02
  -1.3183593750000000e-02
  -1.2268066406250000e-02
  -1.1993408203125000e-02
  -1.0650634765625000e-02
  -9.8571777343750000e-03
  -8.3312988281250000e-03
  -5.5236816406250000e-03
   2.8076171875000000e-03
   1.3397216796875000e-02
   2.6397705078125000e-02
   3.8146972656250000e-02
   4.5318603515625000e-02
   5.0994873046875000e-02
   5.1116943359375000e-02
   4.8278808593750000e-02
   4.3731689453125000e-02
   3.6651611328125000e-02
   2.8808593750000000e-02
   2.0294189453125000e-02
   1.1016845703125000e-02
   4.7302246093750000e-03
   5.7983398437500000e-04
   3.9672851562500000e-04
   2.8686523437500000e-03
   6.5307617187500000e-03
   9.2773437500000000e-03
   1.1505126953125000e-02
   1.2817382812500000e-02
   1.3793945312500000e-02
   1.4617919921875000e-02
   1.5747070312500000e-02
   1.6448974609375000e-02
   1.8463134765625000e-02
   1.9653320312500000e-02
   2.1636962890625000e-02
   2.4780273437500000e-02
   2.7130126953125000e-02
   3.0426025390625000e-02
   3.2135009765625000e-02
   3.1982421875000000e-02
   2.9754638671875000e-02
   2.4749755859375000e-02
   1.9775390625000000e-02
   1.4190673828125000e-02
   8.9111328125000000e-03
   4.9743652343750000e-03
   1.4038085937500000e-03
   6.1035156250000000e-05
  -6.1035156250000000e-05
   3.9672851562500000e-04
   2.5939941406250000e-03
   5.5541992187500000e-03
   8.2702636718750000e-03
   9.6130371093750000e-03
   1.0345458984375000e-02
   9.3078613281250000e-03
   7.8430175781250000e-03
   6.2866210937500000e-03
   4.6997070312500000e-03
   4.1809082031250000e-03
   4.9438476562500000e-03
   9.2163085937500000e-03
   1.5380859375000000e-02
   2.2735595703125000e-02
   2.9144287109375000e-02
   3.1127929687500000e-02
   3.2897949218750000e-02
   3.1799316406250000e-02
   3.2470703125000000e-02
   3.3721923828125000e-02
   3.2226562500000000e-02
   2.6977539062500000e-02
   1.8280029296875000e-02
   7.7819824218750000e-03
   6.1035156250000000e-04
  -3.5400390625000000e-03
  -4.1503906250000000e-03
  -3.3569335937500000e-03
  -2.8381347656250000e-03
  -2.9602050781250000e-03
  -2.9296875000000000e-03
  -1.3122558593750000e-03
   1.2817382812500000e-03
   5.2795410156250000e-03
   7.5988769531250000e-03
   8.2397460937500000e-03
   7.2326660156250000e-03
   5.1269531250000000e-03
   3.9978027343750000e-03
   4.9438476562500000e-03
   5.8288574218750000e-03
   6.9885253906250000e-03
   6.4392089843750000e-03
   4.8522949218750000e-03
   2.1972656250000000e-03
   3.0517578125000000e-05
  -1.7089843750000000e-03
  -3.4790039062500000e-03
  -5.5236816406250000e-03
  -8.4838867187500000e-03
  -1.2084960937500000e-02
  -1.4862060546875000e-02
  -1.6540527343750000e-02
  -1.7486572265625000e-02
  -1.7944335937500000e-02
  -1.8218994140625000e-02
  -1.9805908203125000e-02
  -2.1911621093750000e-02
  -2.4291992187500000e-02
  -2.6367187500000000e-02
  -2.8503417968750000e-02
  -2.9663085937500000e-02
  -3.1341552734375000e-02
  -3.3172607421875000e-02
  -3.5125732421875000e-02
  -3.7078857421875000e-02
  -3.7353515625000000e-02
  -3.7445068359375000e-02
  -3.7231445312500000e-02
  -3.7048339843750000e-02
  -3.9672851562500000e-02
  -4.1687011718750000e-02
  -4.5532226562500000e-02
  -4.5623779296875000e-02
  -4.6386718750000000e-02
  -4.8278808593750000e-02
  -4.9194335937500000e-02
  -5.3497314453125000e-02
  -5.3527832031250000e-02
  -5.5541992187500000e-02
  -5.4321289062500000e-02
  -5.2551269531250000e-02
  -5.1635742187500000e-02
  -5.0048828125000000e-02
  -4.9377441406250000e-02
  -4.8431396484375000e-02
  -4.3395996093750000e-02
  -3.7536621093750000e-02
  -2.5970458984375000e-02
  -1.4251708984375000e-02
  -1.4038085937500000e-03
   1.3671875000000000e-02
   3.5034179687500000e-02
   5.7708740234375000e-02
   7.5195312500000000e-02
   8.4014892578125000e-02
   8.0688476562500000e-02
   7.1716308593750000e-02
   5.9539794921875000e-02
   4.2419433593750000e-02
   2.4780273437500000e-02
   7.4157714843750000e-03
  -8.7890625000000000e-03
  -1.8371582031250000e-02
  -2.5512695312500000e-02
  -2.5939941406250000e-02
  -2.0233154296875000e-02
  -1.0253906250000000e-02
   2.4414062500000000e-03
   1.2084960937500000e-02
   1.7425537109375000e-02
   2.1026611328125000e-02
   2.2338867187500000e-02
   2.4719238281250000e-02
   2.5054931640625000e-02
   2.7374267578125000e-02
   2.9846191406250000e-02
   3.3142089843750000e-02
   3.8055419921875000e-02
   4.2327880859375000e-02
   4.7363281250000000e-02
   5.0415039062500000e-02
   5.0384521484375000e-02
   4.8461914062500000e-02
   4.1259765625000000e-02
   3.1188964843750000e-02
   1.8859863281250000e-02
   7.0495605468750000e-03
  -1.5869140625000000e-03
  -8.1787109375000000e-03
  -1.0742187500000000e-02
  -1.1810302734375000e-02
  -9.5214843750000000e-03
  -4.3334960937500000e-03
   1.4343261718750000e-03
   7.1411132812500000e-03
   1.1077880859375000e-02
   1.3336181640625000e-02
   1.3336181640625000e-02
   1.0253906250000000e-02
   5.8593750000000000e-03
   1.5869140625000000e-03
  -2.2583007812500000e-03
  -2.9296875000000000e-03
  -2.2277832031250000e-03
   9.7656250000000000e-04
   5.1269531250000000e-03
   1.0559082031250000e-02
   1.5838623046875000e-02
   2.0660400390625000e-02
   2.4261474609375000e-02
   2.4353027343750000e-02
   2.1606445312500000e-02
   1.6479492187500000e-02
   1.0589599609375000e-02
   4.1198730468750000e-03
  -2.3498535156250000e-03
  -7.0190429687500000e-03
  -9.2163085937500000e-03
  -1.0040283203125000e-02
  -8.7890625000000000e-03
  -7.3242187500000000e-03
  -4.8217773437500000e-03
  -2.8686523437500000e-03
  -2.0446777343750000e-03
  -6.1035156250000000e-04
  -9.7656250000000000e-04
  -1.5258789062500000e-04
   1.4343261718750000e-03
   2.4414062500000000e-03
   7.4768066406250000e-03
   1.3671875000000000e-02
   2.1850585937500000e-02
   3.0395507812500000e-02
   3.6407470703125000e-02
   4.0435791015625000e-02
   4.2663574218750000e-02
   3.9581298828125000e-02
   3.4454345703125000e-02
   2.5634765625000000e-02
   1.4984130859375000e-02
   4.7302246093750000e-03
  -3.9367675781250000e-03
  -9.8266601562500000e-03
  -1.1901855468750000e-02
  -1.0498046875000000e-02
  -5.5541992187500000e-03
   2.1667480468750000e-03
   1.1199951171875000e-02
   1.8218994140625000e-02
   2.4291992187500000e-02
   2.6916503906250000e-02
   2.6000976562500000e-02
   2.3040771484375000e-02
   1.6174316406250000e-02
   8.7280273437500000e-03
   1.8920898437500000e-03
  -4.2724609375000000e-03
  -7.7514648437500000e-03
  -9.1247558593750000e-03
  -8.4228515625000000e-03
  -5.9509277343750000e-03
  -1.5563964843750000e-03
   1.8310546875000000e-03
   3.4484863281250000e-03
   3.6926269531250000e-03
   2.1667480468750000e-03
  -1.1596679687500000e-03
  -5.4931640625000000e-03
  -1.0314941406250000e-02
  -1.4526367187500000e-02
  -1.7974853515625000e-02
  -2.0843505859375000e-02
  -2.2064208984375000e-02
  -2.3040771484375000e-02
  -2.4047851562500000e-02
  -2.4047851562500000e-02
  -2.3681640625000000e-02
  -2.3254394531250000e-02
  -2.3864746093750000e-02
  -2.5421142578125000e-02
  -2.8442382812500000e-02
  -3.2226562500000000e-02
  -3.6407470703125000e-02
  -3.8787841796875000e-02
  -3.9855957031250000e-02
  -4.0405273437500000e-02
  -3.9398193359375000e-02
  -3.9001464843750000e-02
  -3.8848876953125000e-02
  -3.8726806640625000e-02
  -4.1015625000000000e-02
  -4.2510986328125000e-02
  -4.4342041015625000e-02
  -4.6539306640625000e-02
  -4.8095703125000000e-02
  -4.9835205078125000e-02
  -5.0628662109375000e-02
  -5.0231933593750000e-02
  -4.9102783203125000e-02
  -4.7729492187500000e-02
  -4.6234130859375000e-02
  -4.4219970703125000e-02
  -4.2083740234375000e-02
  -4.2175292968750000e-02
  -4.3457031250000000e-02
  -4.8767089843750000e-02
  -5.3619384765625000e-02
  -6.1584472656250000e-02
  -6.5368652343750000e-02
  -5.2703857421875000e-02
  -3.7841796875000000e-03
   5.5358886718750000e-02
   1.1227416992187500e-01
   1.3659667968750000e-01
   1.3827514648437500e-01
   1.4025878906250000e-01
   1.3031005859375000e-01
   1.0928344726562500e-01
   7.6354980468750000e-02
   3.3813476562500000e-02
   2.7465820312500000e-04
  -3.4576416015625000e-02
  -6.4147949218750000e-02
  -7.5469970703125000e-02
  -6.1981201171875000e-02
  -2.9541015625000000e-02
   2.9907226562500000e-03
   2.3559570312500000e-02
   3.2775878906250000e-02
   3.8024902343750000e-02
   4.2510986328125000e-02
   3.9154052734375000e-02
   3.2409667968750000e-02
   2.4932861328125000e-02
   1.7944335937500000e-02
   1.8859863281250000e-02
   2.0446777343750000e-02
   3.0090332031250000e-02
   4.4128417968750000e-02
   5.7403564453125000e-02
   7.0465087890625000e-02
   7.3791503906250000e-02
   6.6925048828125000e-02
   4.9377441406250000e-02
   2.4291992187500000e-02
   4.0893554687500000e-03
  -1.3397216796875000e-02
  -2.5909423828125000e-02
  -3.5919189453125000e-02
  -3.8696289062500000e-02
  -2.8442382812500000e-02
  -1.3519287109375000e-02
   4.3029785156250000e-03
   1.9561767578125000e-02
   3.3172607421875000e-02
   4.4433593750000000e-02
   4.4097900390625000e-02
   3.3142089843750000e-02
   1.4984130859375000e-02
  -2.9602050781250000e-03
  -1.7059326171875000e-02
  -2.9541015625000000e-02
  -3.5034179687500000e-02
  -3.3477783203125000e-02
  -2.3895263671875000e-02
  -7.7819824218750000e-03
   1.0467529296875000e-02
   2.9479980468750000e-02
   4.6112060546875000e-02
   5.5877685546875000e-02
   5.7861328125000000e-02
   5.1452636718750000e-02
   4.0557861328125000e-02
   2.5146484375000000e-02
   9.9487304687500000e-03
   8.8500976562500000e-04
  -4.2724609375000000e-03
  -2.0141601562500000e-03
   5.1879882812500000e-04
   6.1340332031250000e-03
   1.6662597656250000e-02
   2.3956298828125000e-02
   3.0700683593750000e-02
   3.3081054687500000e-02
   2.8320312500000000e-02
   2.3956298828125000e-02
   1.5106201171875000e-02
   8.4533691406250000e-03
   5.6762695312500000e-03
   6.3476562500000000e-03
   1.3702392578125000e-02
   2.4108886718750000e-02
   3.4790039062500000e-02
   4.2999267578125000e-02
   4.6264648437500000e-02
   4.5471191406250000e-02
   4.0283203125000000e-02
   3.2043457031250000e-02
   1.9958496093750000e-02
   7.8125000000000000e-03
  -2.5939941406250000e-03
  -9.9487304687500000e-03
  -1.0711669921875000e-02
  -8.6059570312500000e-03
  -2.0751953125000000e-03
   7.2021484375000000e-03
   1.6174316406250000e-02
   2.4993896484375000e-02
   2.8808593750000000e-02
   2.8137207031250000e-02
   2.5024414062500000e-02
   1.8493652343750000e-02
   1.0345458984375000e-02
   5.4931640625000000e-04
  -8.5754394531250000e-03
  -1.5411376953125000e-02
  -1.9653320312500000e-02
  -2.1179199218750000e-02
  -2.1575927734375000e-02
  -1.9592285156250000e-02
  -1.7547607421875000e-02
  -1.5228271484375000e-02
  -1.3793945312500000e-02
  -1.4251708984375000e-02
  -1.7303466796875000e-02
  -2.1270751953125000e-02
  -2.6092529296875000e-02
  -2.9754638671875000e-02
  -3.3111572265625000e-02
  -3.5675048828125000e-02
  -3.5583496093750000e-02
  -3.6560058593750000e-02
  -3.8208007812500000e-02
  -4.0771484375000000e-02
  -4.5776367187500000e-02
  -5.1879882812500000e-02
  -5.9143066406250000e-02
  -6.9122314453125000e-02
  -7.8674316406250000e-02
  -8.8043212890625000e-02
  -9.6008300781250000e-02
  -9.9945068359375000e-02
  -9.7595214843750000e-02
  -9.2193603515625000e-02
  -8.1604003906250000e-02
  -7.4493408203125000e-02
  -7.5378417968750000e-02
  -7.4218750000000000e-02
  -7.4371337890625000e-02
  -7.2784423828125000e-02
  -6.7352294921875000e-02
  -7.1319580078125000e-02
  -6.7504882812500000e-02
  -6.1462402343750000e-02
  -5.2307128906250000e-02
  -3.7750244140625000e-02
  -2.0416259765625000e-02
   7.9956054687500000e-03
   6.9091796875000000e-02
   1.2634277343750000e-01
   1.7034912109375000e-01
   1.7547607421875000e-01
   1.4727783203125000e-01
   1.2194824218750000e-01
   8.9599609375000000e-02
   4.7515869140625000e-02
   2.2888183593750000e-03
  -4.0039062500000000e-02
  -6.2713623046875000e-02
  -7.4768066406250000e-02
  -8.1024169921875000e-02
  -7.1563720703125000e-02
  -4.1931152343750000e-02
   3.6010742187500000e-03
   4.1168212890625000e-02
   5.9906005859375000e-02
   6.0302734375000000e-02
   5.7342529296875000e-02
   5.6671142578125000e-02
   4.9468994140625000e-02
   4.0069580078125000e-02
   3.4576416015625000e-02
   3.5064697265625000e-02
   4.6661376953125000e-02
   5.5236816406250000e-02
   6.5124511718750000e-02
   7.4310302734375000e-02
   7.8063964843750000e-02
   7.6873779296875000e-02
   6.3873291015625000e-02
   4.0618896484375000e-02
   1.3061523437500000e-02
  -1.4984130859375000e-02
  -3.1616210937500000e-02
  -3.9245605468750000e-02
  -3.7628173828125000e-02
  -2.9357910156250000e-02
  -1.5563964843750000e-02
   6.1645507812500000e-03
   2.6977539062500000e-02
   4.0863037109375000e-02
   4.4860839843750000e-02
   4.1290283203125000e-02
   3.4332275390625000e-02
   1.8188476562500000e-02
  -4.1503906250000000e-03
  -2.6794433593750000e-02
  -4.0740966796875000e-02
  -4.2205810546875000e-02
  -3.6560058593750000e-02
  -2.2949218750000000e-02
  -2.7465820312500000e-03
   2.1545410156250000e-02
   4.5562744140625000e-02
   6.0760498046875000e-02
   6.8908691406250000e-02
   6.8695068359375000e-02
   5.9844970703125000e-02
   4.3487548828125000e-02
   2.1789550781250000e-02
   8.8500976562500000e-04
  -1.6479492187500000e-02
  -2.7801513671875000e-02
  -3.1127929687500000e-02
  -2.8289794921875000e-02
  -1.9287109375000000e-02
  -8.7280273437500000e-03
   1.5258789062500000e-04
   7.3547363281250000e-03
   9.4909667968750000e-03
   7.5378417968750000e-03
   3.0822753906250000e-03
  -2.0751953125000000e-03
  -5.3710937500000000e-03
  -7.3242187500000000e-03
  -4.4860839843750000e-03
   4.6997070312500000e-03
   2.2247314453125000e-02
   4.7180175781250000e-02
   6.9946289062500000e-02
   8.9630126953125000e-02
   9.5214843750000000e-02
   9.2041015625000000e-02
   7.8735351562500000e-02
   5.7312011718750000e-02
   3.2348632812500000e-02
   6.7749023437500000e-03
  -1.3427734375000000e-02
  -2.5512695312500000e-02
  -2.8472900390625000e-02
  -2.0050048828125000e-02
  -5.1879882812500000e-03
   1.5167236328125000e-02
   3.4179687500000000e-02
   4.7515869140625000e-02
   5.4718017578125000e-02
   5.4260253906250000e-02
   4.8187255859375000e-02
   3.8299560546875000e-02
   2.5604248046875000e-02
   1.3153076171875000e-02
   1.7700195312500000e-03
  -5.2185058593750000e-03
  -7.7514648437500000e-03
  -6.3171386718750000e-03
  -1.9836425781250000e-03
   3.6926269531250000e-03
   8.3618164062500000e-03
   1.2237548828125000e-02
   1.3977050781250000e-02
   1.3732910156250000e-02
   1.1077880859375000e-02
   7.7209472656250000e-03
   2.6855468750000000e-03
  -3.0212402343750000e-03
  -8.2092285156250000e-03
  -1.4068603515625000e-02
  -1.9378662109375000e-02
  -2.3864746093750000e-02
  -2.9144287109375000e-02
  -3.4698486328125000e-02
  -3.9794921875000000e-02
  -4.5074462890625000e-02
  -4.9011230468750000e-02
  -5.3894042968750000e-02
  -5.8044433593750000e-02
  -6.1248779296875000e-02
  -6.2255859375000000e-02
  -6.0729980468750000e-02
  -5.9112548828125000e-02
  -5.7678222656250000e-02
  -5.8624267578125000e-02
  -6.2011718750000000e-02
  -6.9000244140625000e-02
  -7.6873779296875000e-02
  -8.3038330078125000e-02
  -8.6639404296875000e-02
  -8.8348388671875000e-02
  -8.5906982421875000e-02
  -8.6944580078125000e-02
  -8.4197998046875000e-02
  -8.6151123046875000e-02
  -8.6395263671875000e-02
  -8.4106445312500000e-02
  -7.9498291015625000e-02
  -7.6080322265625000e-02
  -7.3303222656250000e-02
  -7.8308105468750000e-02
  -8.1115722656250000e-02
  -8.2489013671875000e-02
  -8.0505371093750000e-02
  -7.1777343750000000e-02
  -6.2347412109375000e-02
  -4.7698974609375000e-02
  -2.4902343750000000e-02
   3.5705566406250000e-03
   7.5561523437500000e-02
   1.4660644531250000e-01
   2.0205688476562500e-01
   2.1542358398437500e-01
   1.7654418945312500e-01
   1.4282226562500000e-01
   1.0083007812500000e-01
   4.6569824218750000e-02
  -3.2653808593750000e-03
  -5.1513671875000000e-02
  -7.1899414062500000e-02
  -7.8338623046875000e-02
  -8.2092285156250000e-02
  -6.4971923828125000e-02
  -2.7862548828125000e-02
   2.8167724609375000e-02
   6.8267822265625000e-02
   8.0627441406250000e-02
   7.5012207031250000e-02
   6.1859130859375000e-02
   5.3466796875000000e-02
   3.6041259765625000e-02
   1.8218994140625000e-02
   1.6235351562500000e-02
   2.2705078125000000e-02
   4.5440673828125000e-02
   6.4300537109375000e-02
   7.9406738281250000e-02
   9.4726562500000000e-02
   9.4757080078125000e-02
   8.5510253906250000e-02
   6.2774658203125000e-02
   2.8228759765625000e-02
  -5.1879882812500000e-03
  -3.9489746093750000e-02
  -5.5847167968750000e-02
  -5.8471679687500000e-02
  -4.8522949218750000e-02
  -2.7618408203125000e-02
  -7.9345703125000000e-04
   3.6560058593750000e-02
   6.5368652343750000e-02
   7.8338623046875000e-02
   7.4981689453125000e-02
   5.8227539062500000e-02
   3.8269042968750000e-02
   6.9885253906250000e-03
  -2.7832031250000000e-02
  -5.5297851562500000e-02
  -6.9488525390625000e-02
  -6.5216064453125000e-02
  -5.3314208984375000e-02
  -3.0151367187500000e-02
   4.3640136718750000e-03
   4.0283203125000000e-02
   7.1289062500000000e-02
   8.8470458984375000e-02
   9.3475341796875000e-02
   8.8287353515625000e-02
   7.1075439453125000e-02
   4.7210693359375000e-02
   2.0568847656250000e-02
  -1.5258789062500000e-04
  -1.4617919921875000e-02
  -2.3529052734375000e-02
  -2.3010253906250000e-02
  -1.6845703125000000e-02
  -7.2631835937500000e-03
  -3.6621093750000000e-04
   2.8381347656250000e-03
   4.3640136718750000e-03
   2.4414062500000000e-04
  -8.0566406250000000e-03
  -1.7883300781250000e-02
  -2.4078369140625000e-02
  -2.0660400390625000e-02
  -9.9182128906250000e-03
   1.1169433593750000e-02
   3.8391113281250000e-02
   6.6253662109375000e-02
   9.0148925781250000e-02
   1.0342407226562500e-01
   1.0794067382812500e-01
   1.0113525390625000e-01
   8.3007812500000000e-02
   5.9051513671875000e-02
   2.8076171875000000e-02
  -1.7395019531250000e-03
  -2.4017333984375000e-02
  -3.5491943359375000e-02
  -3.2775878906250000e-02
  -1.9226074218750000e-02
   2.3803710937500000e-03
   2.7404785156250000e-02
   4.6691894531250000e-02
   5.7647705078125000e-02
   6.0241699218750000e-02
   5.6579589843750000e-02
   4.5684814453125000e-02
   3.0242919921875000e-02
   1.3244628906250000e-02
  -2.7465820312500000e-04
  -1.0070800781250000e-02
  -1.5045166015625000e-02
  -1.3366699218750000e-02
  -8.9111328125000000e-03
  -1.9531250000000000e-03
   3.8146972656250000e-03
   6.8359375000000000e-03
   7.4157714843750000e-03
   5.7983398437500000e-03
   3.9672851562500000e-03
   3.3569335937500000e-03
   2.4719238281250000e-03
   2.5329589843750000e-03
   1.7089843750000000e-03
   1.8615722656250000e-03
  -1.0681152343750000e-03
  -4.0588378906250000e-03
  -1.1169433593750000e-02
  -2.0080566406250000e-02
  -3.2470703125000000e-02
  -4.8339843750000000e-02
  -6.7291259765625000e-02
  -8.2702636718750000e-02
  -9.6801757812500000e-02
  -1.0391235351562500e-01
  -1.0571289062500000e-01
  -9.8785400390625000e-02
  -8.6242675781250000e-02
  -7.4127197265625000e-02
  -6.4941406250000000e-02
  -6.2377929687500000e-02
  -6.9702148437500000e-02
  -8.0078125000000000e-02
  -9.2956542968750000e-02
  -1.0281372070312500e-01
  -1.0437011718750000e-01
  -1.0348510742187500e-01
  -9.4665527343750000e-02
  -8.8378906250000000e-02
  -7.8247070312500000e-02
  -7.1716308593750000e-02
  -6.8389892578125000e-02
  -7.1075439453125000e-02
  -7.8643798828125000e-02
  -8.9996337890625000e-02
  -9.7686767578125000e-02
  -1.0995483398437500e-01
  -1.1315917968750000e-01
  -1.0601806640625000e-01
  -9.1583251953125000e-02
  -7.0129394531250000e-02
  -4.1931152343750000e-02
  -1.1962890625000000e-02
   7.4249267578125000e-02
   1.7312622070312500e-01
   2.4374389648437500e-01
   2.6681518554687500e-01
   2.0989990234375000e-01
   1.5832519531250000e-01
   1.0702514648437500e-01
   3.6621093750000000e-02
  -2.5421142578125000e-02
  -7.7911376953125000e-02
  -9.5397949218750000e-02
  -8.5113525390625000e-02
  -8.2031250000000000e-02
  -5.9051513671875000e-02
  -1.3488769531250000e-02
   5.4901123046875000e-02
   1.0366821289062500e-01
   1.1251831054687500e-01
   9.1583251953125000e-02
   6.0058593750000000e-02
   3.8482666015625000e-02
   1.7181396484375000e-02
  -5.4626464843750000e-03
  -4.8828125000000000e-03
   7.6904296875000000e-03
   4.1503906250000000e-02
   7.5408935546875000e-02
   9.7656250000000000e-02
   1.1663818359375000e-01
   1.1651611328125000e-01
   1.0125732421875000e-01
   7.1014404296875000e-02
   2.2033691406250000e-02
  -2.6611328125000000e-02
  -6.8206787109375000e-02
  -8.3435058593750000e-02
  -7.4401855468750000e-02
  -5.3802490234375000e-02
  -1.9042968750000000e-02
   1.9500732421875000e-02
   6.6101074218750000e-02
   9.8724365234375000e-02
   1.0430908203125000e-01
   9.0606689453125000e-02
   6.0729980468750000e-02
   2.7832031250000000e-02
  -1.4526367187500000e-02
  -5.9143066406250000e-02
  -8.6639404296875000e-02
  -9.2987060546875000e-02
  -7.6477050781250000e-02
  -5.0659179687500000e-02
  -1.8157958984375000e-02
   2.2186279296875000e-02
   5.7342529296875000e-02
   8.2305908203125000e-02
   8.9263916015625000e-02
   8.2275390625000000e-02
   6.6528320312500000e-02
   4.2083740234375000e-02
   1.7669677734375000e-02
   4.8828125000000000e-04
  -5.6152343750000000e-03
  -1.5563964843750000e-03
   7.4157714843750000e-03
   2.2216796875000000e-02
   3.3843994140625000e-02
   3.6865234375000000e-02
   2.8503417968750000e-02
   1.1322021484375000e-02
  -8.3312988281250000e-03
  -3.3050537109375000e-02
  -5.7678222656250000e-02
  -7.1380615234375000e-02
  -6.6467285156250000e-02
  -4.0771484375000000e-02
  -2.1667480468750000e-03
   4.2388916015625000e-02
   8.9263916015625000e-02
   1.2506103515625000e-01
   1.4440917968750000e-01
   1.4425659179687500e-01
   1.3214111328125000e-01
   1.0440063476562500e-01
   6.8603515625000000e-02
   2.7770996093750000e-02
  -1.0681152343750000e-02
  -3.5766601562500000e-02
  -4.5104980468750000e-02
  -3.7384033203125000e-02
  -1.5472412109375000e-02
   7.4768066406250000e-03
   3.0914306640625000e-02
   4.7515869140625000e-02
   5.6060791015625000e-02
   5.7250976562500000e-02
   5.2001953125000000e-02
   4.3334960937500000e-02
   3.1372070312500000e-02
   2.0202636718750000e-02
   1.3244628906250000e-02
   9.1857910156250000e-03
   9.1247558593750000e-03
   9.9487304687500000e-03
   1.1810302734375000e-02
   1.0589599609375000e-02
   2.5024414062500000e-03
  -7.7514648437500000e-03
  -1.8096923828125000e-02
  -2.4749755859375000e-02
  -2.7252197265625000e-02
  -2.5299072265625000e-02
  -1.9042968750000000e-02
  -9.3383789062500000e-03
   0.0000000000000000e+00
   5.8593750000000000e-03
   7.5683593750000000e-03
   1.9531250000000000e-03
  -1.0284423828125000e-02
  -2.8076171875000000e-02
  -5.5175781250000000e-02
  -8.2580566406250000e-02
  -1.0418701171875000e-01
  -1.1587524414062500e-01
  -1.1077880859375000e-01
  -1.0040283203125000e-01
  -9.0515136718750000e-02
  -8.0413818359375000e-02
  -7.6873779296875000e-02
  -7.5500488281250000e-02
  -7.7026367187500000e-02
  -9.1186523437500000e-02
  -1.0137939453125000e-01
  -1.1743164062500000e-01
  -1.2847900390625000e-01
  -1.2133789062500000e-01
  -1.1880493164062500e-01
  -1.0165405273437500e-01
  -9.0881347656250000e-02
  -8.4991455078125000e-02
  -7.9559326171875000e-02
  -7.7209472656250000e-02
  -8.0047607421875000e-02
  -7.9315185546875000e-02
  -8.6334228515625000e-02
  -1.0009765625000000e-01
  -1.1062622070312500e-01
  -1.1895751953125000e-01
  -1.1260986328125000e-01
  -8.9660644531250000e-02
  -5.7220458984375000e-02
  -2.1240234375000000e-02
   3.5491943359375000e-02
   1.3754272460937500e-01
   2.1984863281250000e-01
   2.7523803710937500e-01
   2.5405883789062500e-01
   1.9174194335937500e-01
   1.4657592773437500e-01
   8.2550048828125000e-02
   1.4892578125000000e-02
  -4.4403076171875000e-02
  -8.5937500000000000e-02
  -7.9101562500000000e-02
  -7.1655273437500000e-02
  -6.1309814453125000e-02
  -2.9479980468750000e-02
   2.4017333984375000e-02
   8.4930419921875000e-02
   1.0452270507812500e-01
   8.8653564453125000e-02
   5.4321289062500000e-02
   2.8198242187500000e-02
   1.4373779296875000e-02
  -3.9672851562500000e-03
  -3.9672851562500000e-03
   1.9439697265625000e-02
   5.4870605468750000e-02
   9.7717285156250000e-02
   1.1978149414062500e-01
   1.3507080078125000e-01
   1.4053344726562500e-01
   1.2133789062500000e-01
   8.8928222656250000e-02
   3.8513183593750000e-02
  -1.4038085937500000e-02
  -5.4443359375000000e-02
  -8.0291748046875000e-02
  -7.4890136718750000e-02
  -5.1025390625000000e-02
  -1.3061523437500000e-02
   2.5817871093750000e-02
   5.7739257812500000e-02
   8.4503173828125000e-02
   8.7097167968750000e-02
   6.9396972656250000e-02
   3.7109375000000000e-02
   1.6784667968750000e-03
  -2.6702880859375000e-02
  -5.5633544921875000e-02
  -7.3089599609375000e-02
  -7.1960449218750000e-02
  -5.0903320312500000e-02
  -1.5258789062500000e-02
   1.8005371093750000e-02
   5.0354003906250000e-02
   7.4676513671875000e-02
   8.4136962890625000e-02
   7.9467773437500000e-02
   5.9173583984375000e-02
   3.6560058593750000e-02
   1.5045166015625000e-02
  -3.3569335937500000e-03
  -1.1993408203125000e-02
  -9.7656250000000000e-03
   4.7302246093750000e-03
   2.2857666015625000e-02
   4.0039062500000000e-02
   5.2917480468750000e-02
   5.5023193359375000e-02
   4.4311523437500000e-02
   1.9165039062500000e-02
  -1.1962890625000000e-02
  -4.0100097656250000e-02
  -6.4605712890625000e-02
  -7.2723388671875000e-02
  -6.6925048828125000e-02
  -3.6041259765625000e-02
   1.1444091796875000e-02
   5.9448242187500000e-02
   1.0311889648437500e-01
   1.2835693359375000e-01
   1.4239501953125000e-01
   1.4266967773437500e-01
   1.2649536132812500e-01
   9.7564697265625000e-02
   6.0150146484375000e-02
   2.5665283203125000e-02
   1.2817382812500000e-03
  -1.1901855468750000e-02
  -1.0559082031250000e-02
  -2.2888183593750000e-03
   1.6052246093750000e-02
   2.9357910156250000e-02
   3.5339355468750000e-02
   3.2989501953125000e-02
   2.6092529296875000e-02
   2.0874023437500000e-02
   1.7547607421875000e-02
   1.5136718750000000e-02
   1.5441894531250000e-02
   1.8676757812500000e-02
   2.6885986328125000e-02
   3.6102294921875000e-02
   4.2755126953125000e-02
   4.3243408203125000e-02
   3.5675048828125000e-02
   2.1575927734375000e-02
   1.3732910156250000e-03
  -2.0935058593750000e-02
  -3.9306640625000000e-02
  -5.0292968750000000e-02
  -5.0048828125000000e-02
  -4.3609619140625000e-02
  -3.3752441406250000e-02
  -2.1453857421875000e-02
  -1.3641357421875000e-02
  -8.5449218750000000e-03
  -1.2634277343750000e-02
  -2.3010253906250000e-02
  -3.6376953125000000e-02
  -5.5511474609375000e-02
  -7.0343017578125000e-02
  -8.4381103515625000e-02
  -9.4940185546875000e-02
  -1.0055541992187500e-01
  -1.0400390625000000e-01
  -1.0598754882812500e-01
  -1.0675048828125000e-01
  -1.0681152343750000e-01
  -1.0958862304687500e-01
  -1.0852050781250000e-01
  -1.1102294921875000e-01
  -1.0897827148437500e-01
  -1.1059570312500000e-01
  -1.0794067382812500e-01
  -1.0873413085937500e-01
  -1.0394287109375000e-01
  -1.0589599609375000e-01
  -1.0272216796875000e-01
  -1.0159301757812500e-01
  -9.8571777343750000e-02
  -1.0000610351562500e-01
  -1.0147094726562500e-01
  -1.0739135742187500e-01
  -1.1148071289062500e-01
  -1.1129760742187500e-01
  -1.0852050781250000e-01
  -9.9365234375000000e-02
  -8.5021972656250000e-02
  -6.7993164062500000e-02
  -4.4525146484375000e-02
  -7.4462890625000000e-03
   8.7677001953125000e-02
   1.8515014648437500e-01
   2.5674438476562500e-01
   2.5958251953125000e-01
   2.0352172851562500e-01
   1.6119384765625000e-01
   1.1260986328125000e-01
   5.4656982421875000e-02
   1.7395019531250000e-03
  -3.9062500000000000e-02
  -3.9947509765625000e-02
  -3.6315917968750000e-02
  -4.1442871093750000e-02
  -2.8503417968750000e-02
   6.6528320312500000e-03
   6.4117431640625000e-02
   8.8836669921875000e-02
   7.3608398437500000e-02
   3.4667968750000000e-02
   1.3122558593750000e-03
  -1.1535644531250000e-02
  -2.0019531250000000e-02
  -1.4221191406250000e-02
   1.7211914062500000e-02
   5.9143066406250000e-02
   1.0964965820312500e-01
   1.3873291015625000e-01
   1.5225219726562500e-01
   1.5643310546875000e-01
   1.3977050781250000e-01
   1.1071777343750000e-01
   6.4788818359375000e-02
   9.7045898437500000e-03
  -3.7719726562500000e-02
  -6.9793701171875000e-02
  -6.7108154296875000e-02
  -4.3090820312500000e-02
  -8.1787109375000000e-03
   2.6824951171875000e-02
   5.4107666015625000e-02
   7.6293945312500000e-02
   7.3486328125000000e-02
   4.8767089843750000e-02
   1.4068603515625000e-02
  -2.0996093750000000e-02
  -4.5318603515625000e-02
  -7.1533203125000000e-02
  -8.8287353515625000e-02
  -8.3587646484375000e-02
  -5.6915283203125000e-02
  -1.4160156250000000e-02
   2.4078369140625000e-02
   5.6976318359375000e-02
   8.1542968750000000e-02
   8.8592529296875000e-02
   7.8552246093750000e-02
   5.2185058593750000e-02
   2.6580810546875000e-02
   5.5847167968750000e-03
  -1.0833740234375000e-02
  -1.6632080078125000e-02
  -1.0864257812500000e-02
   6.5917968750000000e-03
   2.7832031250000000e-02
   4.5654296875000000e-02
   6.0852050781250000e-02
   6.7169189453125000e-02
   5.8715820312500000e-02
   3.3172607421875000e-02
  -1.5869140625000000e-03
  -3.4118652343750000e-02
  -6.1798095703125000e-02
  -7.6660156250000000e-02
  -7.3791503906250000e-02
  -4.6783447265625000e-02
  -4.4860839843750000e-03
   4.2663574218750000e-02
   8.0780029296875000e-02
   1.0769653320312500e-01
   1.1987304687500000e-01
   1.2081909179687500e-01
   1.1148071289062500e-01
   9.5581054687500000e-02
   7.1929931640625000e-02
   4.8370361328125000e-02
   2.7130126953125000e-02
   1.5747070312500000e-02
   1.7944335937500000e-02
   2.9815673828125000e-02
   4.5654296875000000e-02
   5.7220458984375000e-02
   5.7556152343750000e-02
   4.6936035156250000e-02
   2.7526855468750000e-02
   6.2255859375000000e-03
  -6.7138671875000000e-03
  -1.0314941406250000e-02
  -6.5307617187500000e-03
   2.4414062500000000e-04
   1.2451171875000000e-02
   2.6611328125000000e-02
   4.2510986328125000e-02
   5.0964355468750000e-02
   5.1757812500000000e-02
   4.4586181640625000e-02
   2.9541015625000000e-02
   5.4931640625000000e-03
  -2.0172119140625000e-02
  -4.2938232421875000e-02
  -5.4229736328125000e-02
  -5.4992675781250000e-02
  -5.0018310546875000e-02
  -4.3029785156250000e-02
  -3.8055419921875000e-02
  -3.3569335937500000e-02
  -3.1311035156250000e-02
  -3.1402587890625000e-02
  -3.5430908203125000e-02
  -4.6112060546875000e-02
  -5.8776855468750000e-02
  -7.1990966796875000e-02
  -8.6975097656250000e-02
  -9.7747802734375000e-02
  -1.0580444335937500e-01
  -1.1279296875000000e-01
  -1.1694335937500000e-01
  -1.1901855468750000e-01
  -1.2158203125000000e-01
  -1.2274169921875000e-01
  -1.2442016601562500e-01
  -1.2411499023437500e-01
  -1.2222290039062500e-01
  -1.1935424804687500e-01
  -1.1206054687500000e-01
  -1.0925292968750000e-01
  -1.0916137695312500e-01
  -1.0968017578125000e-01
  -1.0348510742187500e-01
  -9.9365234375000000e-02
  -1.0198974609375000e-01
  -1.0717773437500000e-01
  -1.1651611328125000e-01
  -1.2103271484375000e-01
  -1.2316894531250000e-01
  -1.2792968750000000e-01
  -1.2698364257812500e-01
  -1.1032104492187500e-01
  -9.0515136718750000e-02
  -5.9967041015625000e-02
  -1.8035888671875000e-02
   7.5775146484375000e-02
   1.7742919921875000e-01
   2.5588989257812500e-01
   2.6071166992187500e-01
   2.1701049804687500e-01
   1.7456054687500000e-01
   1.3174438476562500e-01
   7.7392578125000000e-02
   2.1881103515625000e-02
  -2.1789550781250000e-02
  -2.4200439453125000e-02
  -2.0721435546875000e-02
  -2.3284912109375000e-02
  -1.7272949218750000e-02
   9.7656250000000000e-03
   6.0546875000000000e-02
   8.8348388671875000e-02
   7.7758789062500000e-02
   3.8452148437500000e-02
  -9.1552734375000000e-05
  -2.3559570312500000e-02
  -3.8208007812500000e-02
  -3.6895751953125000e-02
  -1.1352539062500000e-02
   3.0120849609375000e-02
   8.6853027343750000e-02
   1.2646484375000000e-01
   1.5008544921875000e-01
   1.5664672851562500e-01
   1.4715576171875000e-01
   1.3180541992187500e-01
   1.0241699218750000e-01
   5.5694580078125000e-02
   3.4790039062500000e-03
  -3.9886474609375000e-02
  -4.9865722656250000e-02
  -3.6102294921875000e-02
  -1.1871337890625000e-02
   1.3610839843750000e-02
   3.8848876953125000e-02
   6.4758300781250000e-02
   6.8054199218750000e-02
   4.5928955078125000e-02
   1.0101318359375000e-02
  -2.1636962890625000e-02
  -4.0588378906250000e-02
  -6.1553955078125000e-02
  -8.2061767578125000e-02
  -8.7707519531250000e-02
  -7.2692871093750000e-02
  -3.7475585937500000e-02
  -1.2512207031250000e-03
   3.4271240234375000e-02
   6.5490722656250000e-02
   8.4075927734375000e-02
   8.6486816406250000e-02
   6.8634033203125000e-02
   4.4342041015625000e-02
   1.9348144531250000e-02
  -1.0681152343750000e-03
  -1.2329101562500000e-02
  -1.2725830078125000e-02
  -2.7770996093750000e-03
   1.1810302734375000e-02
   2.8350830078125000e-02
   5.0598144531250000e-02
   6.7504882812500000e-02
   7.2296142578125000e-02
   5.8685302734375000e-02
   3.4332275390625000e-02
   7.7209472656250000e-03
  -2.0202636718750000e-02
  -4.5715332031250000e-02
  -5.7891845703125000e-02
  -4.9102783203125000e-02
  -2.3040771484375000e-02
   9.5825195312500000e-03
   4.1381835937500000e-02
   6.8359375000000000e-02
   8.9752197265625000e-02
   1.0357666015625000e-01
   1.0549926757812500e-01
   1.0037231445312500e-01
   8.5632324218750000e-02
   6.8572998046875000e-02
   5.0354003906250000e-02
   3.4942626953125000e-02
   2.8472900390625000e-02
   3.3233642578125000e-02
   4.5959472656250000e-02
   6.1828613281250000e-02
   6.8878173828125000e-02
   6.7108154296875000e-02
   5.4321289062500000e-02
   3.5980224609375000e-02
   1.7852783203125000e-02
   4.0893554687500000e-03
  -3.7231445312500000e-03
  -5.9509277343750000e-03
  -2.0751953125000000e-03
   6.4086914062500000e-03
   1.7700195312500000e-02
   2.9418945312500000e-02
   3.8055419921875000e-02
   4.2449951171875000e-02
   3.8543701171875000e-02
   2.4658203125000000e-02
   3.6621093750000000e-03
  -2.0568847656250000e-02
  -4.0954589843750000e-02
  -5.4534912109375000e-02
  -6.1523437500000000e-02
  -6.2774658203125000e-02
  -6.0516357421875000e-02
  -5.5267333984375000e-02
  -4.9224853515625000e-02
  -4.4891357421875000e-02
  -4.6051025390625000e-02
  -5.1025390625000000e-02
  -5.9783935546875000e-02
  -6.8664550781250000e-02
  -8.1390380859375000e-02
  -9.2407226562500000e-02
  -1.0339355468750000e-01
  -1.1114501953125000e-01
  -1.1480712890625000e-01
  -1.1651611328125000e-01
  -1.1749267578125000e-01
  -1.1914062500000000e-01
  -1.2478637695312500e-01
  -1.2670898437500000e-01
  -1.2680053710937500e-01
  -1.2255859375000000e-01
  -1.2042236328125000e-01
  -1.2048339843750000e-01
  -1.2133789062500000e-01
  -1.2213134765625000e-01
  -1.1798095703125000e-01
  -1.1904907226562500e-01
  -1.1859130859375000e-01
  -1.2191772460937500e-01
  -1.2350463867187500e-01
  -1.2429809570312500e-01
  -1.2722778320312500e-01
  -1.3204956054687500e-01
  -1.2728881835937500e-01
  -1.1077880859375000e-01
  -8.3923339843750000e-02
  -4.9194335937500000e-02
   2.4169921875000000e-02
   1.1315917968750000e-01
   1.9802856445312500e-01
   2.3962402343750000e-01
   2.2491455078125000e-01
   2.0260620117187500e-01
   1.7153930664062500e-01
   1.3269042968750000e-01
   8.8775634765625000e-02
   4.2144775390625000e-02
   1.9409179687500000e-02
   1.2420654296875000e-02
   5.4931640625000000e-04
  -4.9743652343750000e-03
  -3.6621093750000000e-04
   3.0181884765625000e-02
   6.0211181640625000e-02
   7.5042724609375000e-02
   5.9234619140625000e-02
   2.6245117187500000e-02
  -3.4179687500000000e-03
  -3.1982421875000000e-02
  -4.6569824218750000e-02
  -4.1931152343750000e-02
  -2.6458740234375000e-02
   1.2908935546875000e-02
   5.4138183593750000e-02
   8.9904785156250000e-02
   1.1614990234375000e-01
   1.2503051757812500e-01
   1.3131713867187500e-01
   1.3400268554687500e-01
   1.2387084960937500e-01
   9.6496582031250000e-02
   5.2276611328125000e-02
   1.5106201171875000e-02
  -3.3874511718750000e-03
  -5.0048828125000000e-03
   1.1596679687500000e-03
   8.2397460937500000e-03
   2.7191162109375000e-02
   4.3609619140625000e-02
   4.6905517578125000e-02
   3.3386230468750000e-02
   8.7890625000000000e-03
  -7.1105957031250000e-03
  -2.1118164062500000e-02
  -3.8940429687500000e-02
  -5.8532714843750000e-02
  -7.5927734375000000e-02
  -7.7575683593750000e-02
  -6.6558837890625000e-02
  -4.6325683593750000e-02
  -1.9226074218750000e-02
   8.3923339843750000e-03
   3.5675048828125000e-02
   5.5023193359375000e-02
   6.3507080078125000e-02
   6.0791015625000000e-02
   4.7088623046875000e-02
   3.2501220703125000e-02
   2.0812988281250000e-02
   1.5197753906250000e-02
   1.1047363281250000e-02
   5.2490234375000000e-03
   7.1411132812500000e-03
   1.8402099609375000e-02
   3.5217285156250000e-02
   4.7668457031250000e-02
   5.2795410156250000e-02
   5.6640625000000000e-02
   5.5877685546875000e-02
   4.9041748046875000e-02
   3.3264160156250000e-02
   1.5350341796875000e-02
   3.7841796875000000e-03
   2.6550292968750000e-03
   8.0566406250000000e-03
   1.5930175781250000e-02
   2.6794433593750000e-02
   3.9276123046875000e-02
   5.3161621093750000e-02
   6.4758300781250000e-02
   6.9274902343750000e-02
   6.9213867187500000e-02
   6.4392089843750000e-02
   5.6854248046875000e-02
   4.8767089843750000e-02
   4.0924072265625000e-02
   3.6163330078125000e-02
   3.5095214843750000e-02
   4.0100097656250000e-02
   4.6875000000000000e-02
   5.4077148437500000e-02
   5.6304931640625000e-02
   5.3497314453125000e-02
   5.0628662109375000e-02
   4.6264648437500000e-02
   3.9245605468750000e-02
   3.0883789062500000e-02
   2.0812988281250000e-02
   1.3610839843750000e-02
   8.9416503906250000e-03
   4.6081542968750000e-03
   2.5634765625000000e-03
   1.5258789062500000e-03
   2.7465820312500000e-04
  -2.3803710937500000e-03
  -9.2163085937500000e-03
  -1.9622802734375000e-02
  -3.3508300781250000e-02
  -4.5989990234375000e-02
  -5.6335449218750000e-02
  -6.2988281250000000e-02
  -6.7047119140625000e-02
  -7.0709228515625000e-02
  -7.0953369140625000e-02
  -7.1441650390625000e-02
  -7.1258544921875000e-02
  -7.0343017578125000e-02
  -7.2387695312500000e-02
  -7.3059082031250000e-02
  -7.5927734375000000e-02
  -7.9162597656250000e-02
  -8.1726074218750000e-02
  -8.7524414062500000e-02
  -9.0301513671875000e-02
  -9.5977783203125000e-02
  -9.8449707031250000e-02
  -9.8724365234375000e-02
  -1.0101318359375000e-01
  -1.0003662109375000e-01
  -9.9182128906250000e-02
  -9.6862792968750000e-02
  -9.3200683593750000e-02
  -9.6435546875000000e-02
  -1.0104370117187500e-01
  -1.0827636718750000e-01
  -1.1459350585937500e-01
  -1.1633300781250000e-01
  -1.1938476562500000e-01
  -1.2069702148437500e-01
  -1.2332153320312500e-01
  -1.2493896484375000e-01
  -1.2722778320312500e-01
  -1.2832641601562500e-01
  -1.2280273437500000e-01
  -1.1187744140625000e-01
  -9.4329833984375000e-02
  -5.8074951171875000e-02
  -1.3702392578125000e-02
   3.6865234375000000e-02
   7.5225830078125000e-02
   8.9263916015625000e-02
   9.9670410156250000e-02
   1.0333251953125000e-01
   1.0256958007812500e-01
   1.0116577148437500e-01
   9.2254638671875000e-02
   9.0972900390625000e-02
   9.3383789062500000e-02
   9.0576171875000000e-02
   8.4075927734375000e-02
   7.8796386718750000e-02
   8.4564208984375000e-02
   9.6649169921875000e-02
   1.1138916015625000e-01
   1.1495971679687500e-01
   1.0836791992187500e-01
   9.7381591796875000e-02
   7.3852539062500000e-02
   5.1452636718750000e-02
   3.5705566406250000e-02
   2.0446777343750000e-02
   1.6601562500000000e-02
   1.3122558593750000e-02
   1.1169433593750000e-02
   1.2207031250000000e-02
   6.7749023437500000e-03
   1.2817382812500000e-03
   2.4414062500000000e-03
   1.0925292968750000e-02
   2.2674560546875000e-02
   2.6489257812500000e-02
   2.3345947265625000e-02
   1.6479492187500000e-02
   1.4251708984375000e-02
   1.0833740234375000e-02
   3.6010742187500000e-03
   2.0141601562500000e-03
   2.1057128906250000e-03
   5.1269531250000000e-03
   5.7678222656250000e-03
   8.2397460937500000e-04
   1.1901855468750000e-03
   4.5471191406250000e-03
   1.1535644531250000e-02
   2.1423339843750000e-02
   2.9235839843750000e-02
   3.6804199218750000e-02
   3.8879394531250000e-02
   3.6865234375000000e-02
   3.2623291015625000e-02
   2.7465820312500000e-02
   2.3803710937500000e-02
   1.8310546875000000e-02
   1.6510009765625000e-02
   1.6693115234375000e-02
   1.5472412109375000e-02
   1.2390136718750000e-02
   6.2561035156250000e-03
   5.4321289062500000e-03
   8.8806152343750000e-03
   1.1352539062500000e-02
   1.4007568359375000e-02
   1.2664794921875000e-02
   1.0742187500000000e-02
   5.9509277343750000e-03
  -2.9602050781250000e-03
  -9.7351074218750000e-03
  -1.2786865234375000e-02
  -1.1718750000000000e-02
  -6.5002441406250000e-03
   5.4931640625000000e-04
   1.1688232421875000e-02
   2.1087646484375000e-02
   2.7801513671875000e-02
   3.5705566406250000e-02
   4.3487548828125000e-02
   5.3039550781250000e-02
   5.8746337890625000e-02
   5.8807373046875000e-02
   5.5358886718750000e-02
   5.1269531250000000e-02
   4.8980712890625000e-02
   4.5745849609375000e-02
   4.5532226562500000e-02
   4.8675537109375000e-02
   5.3710937500000000e-02
   5.9082031250000000e-02
   5.7647705078125000e-02
   5.4504394531250000e-02
   4.9682617187500000e-02
   4.3304443359375000e-02
   3.8787841796875000e-02
   3.3874511718750000e-02
   2.9510498046875000e-02
   2.7801513671875000e-02
   2.6641845703125000e-02
   2.8747558593750000e-02
   3.1372070312500000e-02
   3.5003662109375000e-02
   3.8757324218750000e-02
   4.0802001953125000e-02
   4.1870117187500000e-02
   3.8299560546875000e-02
   2.9785156250000000e-02
   1.8280029296875000e-02
   5.7373046875000000e-03
  -4.9743652343750000e-03
  -1.4526367187500000e-02
  -2.1240234375000000e-02
  -2.6092529296875000e-02
  -3.0090332031250000e-02
  -3.1433105468750000e-02
  -3.4088134765625000e-02
  -3.7200927734375000e-02
  -4.1107177734375000e-02
  -4.6813964843750000e-02
  -5.1605224609375000e-02
  -5.7952880859375000e-02
  -6.4086914062500000e-02
  -7.1014404296875000e-02
  -7.6477050781250000e-02
  -7.8063964843750000e-02
  -7.8460693359375000e-02
  -7.7880859375000000e-02
  -7.8460693359375000e-02
  -7.8948974609375000e-02
  -8.1878662109375000e-02
  -8.6151123046875000e-02
  -9.1705322265625000e-02
  -9.7076416015625000e-02
  -1.0015869140625000e-01
  -1.0360717773437500e-01
  -1.0739135742187500e-01
  -1.1199951171875000e-01
  -1.1691284179687500e-01
  -1.1978149414062500e-01
  -1.2176513671875000e-01
  -1.2289428710937500e-01
  -1.2356567382812500e-01
  -1.2374877929687500e-01
  -1.2619018554687500e-01
  -1.2866210937500000e-01
  -1.3085937500000000e-01
  -1.3040161132812500e-01
  -1.2744140625000000e-01
  -1.1831665039062500e-01
  -9.8602294921875000e-02
  -7.6385498046875000e-02
  -5.3466796875000000e-02
  -4.2419433593750000e-02
  -3.5491943359375000e-02
  -2.8228759765625000e-02
  -2.3590087890625000e-02
  -1.5777587890625000e-02
  -8.5754394531250000e-03
   3.7841796875000000e-03
   2.2827148437500000e-02
   3.5400390625000000e-02
   4.0283203125000000e-02
   4.4189453125000000e-02
   5.3619384765625000e-02
   6.9488525390625000e-02
   8.9447021484375000e-02
   1.0693359375000000e-01
   1.1941528320312500e-01
   1.2860107421875000e-01
   1.2811279296875000e-01
   1.2063598632812500e-01
   1.1892700195312500e-01
   1.1779785156250000e-01
   1.2133789062500000e-01
   1.2606811523437500e-01
   1.2628173828125000e-01
   1.2841796875000000e-01
   1.2478637695312500e-01
   1.1471557617187500e-01
   1.0833740234375000e-01
   1.0638427734375000e-01
   1.0806274414062500e-01
   1.0632324218750000e-01
   9.8236083984375000e-02
   8.7005615234375000e-02
   7.4584960937500000e-02
   6.1706542968750000e-02
   4.5318603515625000e-02
   3.3325195312500000e-02
   2.5268554687500000e-02
   1.8127441406250000e-02
   1.0650634765625000e-02
  -2.4414062500000000e-03
  -1.2664794921875000e-02
  -2.0080566406250000e-02
  -2.7130126953125000e-02
  -2.7862548828125000e-02
  -2.6123046875000000e-02
  -2.0965576171875000e-02
  -1.6326904296875000e-02
  -1.6845703125000000e-02
  -1.6571044921875000e-02
  -1.7395019531250000e-02
  -1.8585205078125000e-02
  -2.2125244140625000e-02
  -2.5146484375000000e-02
  -2.5421142578125000e-02
  -2.7038574218750000e-02
  -3.0303955078125000e-02
  -3.6590576171875000e-02
  -4.0008544921875000e-02
  -3.7200927734375000e-02
  -3.2562255859375000e-02
  -2.3315429687500000e-02
  -1.2481689453125000e-02
  -1.2817382812500000e-03
   7.7514648437500000e-03
   9.4299316406250000e-03
   9.4299316406250000e-03
   9.8571777343750000e-03
   9.9182128906250000e-03
   1.2115478515625000e-02
   1.4923095703125000e-02
   2.1759033203125000e-02
   2.8930664062500000e-02
   3.3508300781250000e-02
   3.7780761718750000e-02
   4.3029785156250000e-02
   5.4718017578125000e-02
   6.4422607421875000e-02
   6.9915771484375000e-02
   7.2387695312500000e-02
   7.0434570312500000e-02
   6.7016601562500000e-02
   6.0638427734375000e-02
   5.5725097656250000e-02
   5.5969238281250000e-02
   5.9600830078125000e-02
   6.5551757812500000e-02
   6.8328857421875000e-02
   6.8450927734375000e-02
   6.5124511718750000e-02
   5.9722900390625000e-02
   5.7006835937500000e-02
   5.6091308593750000e-02
   5.6121826171875000e-02
   5.3466796875000000e-02
   4.7485351562500000e-02
   4.2205810546875000e-02
   3.7139892578125000e-02
   3.3843994140625000e-02
   3.1951904296875000e-02
   3.1341552734375000e-02
   3.3142089843750000e-02
   3.1738281250000000e-02
   2.5970458984375000e-02
   1.6021728515625000e-02
   4.7302246093750000e-03
  -3.8757324218750000e-03
  -1.1871337890625000e-02
  -1.8371582031250000e-02
  -2.5146484375000000e-02
  -3.0700683593750000e-02
  -3.5369873046875000e-02
  -3.9978027343750000e-02
  -4.3060302734375000e-02
  -4.5715332031250000e-02
  -4.7393798828125000e-02
  -5.0445556640625000e-02
  -5.4901123046875000e-02
  -6.0119628906250000e-02
  -6.6711425781250000e-02
  -7.3150634765625000e-02
  -7.9467773437500000e-02
  -8.4106445312500000e-02
  -8.6273193359375000e-02
  -8.8439941406250000e-02
  -9.0637207031250000e-02
  -9.4268798828125000e-02
  -9.8907470703125000e-02
  -1.0226440429687500e-01
  -1.0693359375000000e-01
  -1.0983276367187500e-01
  -1.1288452148437500e-01
  -1.1682128906250000e-01
  -1.1907958984375000e-01
  -1.2338256835937500e-01
  -1.2948608398437500e-01
  -1.3568115234375000e-01
  -1.4028930664062500e-01
  -1.4315795898437500e-01
  -1.4248657226562500e-01
  -1.4202880859375000e-01
  -1.4398193359375000e-01
  -1.4312744140625000e-01
  -1.3818359375000000e-01
  -1.2100219726562500e-01
  -1.0128784179687500e-01
  -8.0963134765625000e-02
  -6.9824218750000000e-02
  -6.1981201171875000e-02
  -5.4901123046875000e-02
  -5.2062988281250000e-02
  -4.5654296875000000e-02
  -3.6529541015625000e-02
  -2.2552490234375000e-02
  -1.0375976562500000e-03
   1.3580322265625000e-02
   2.0690917968750000e-02
   2.7893066406250000e-02
   3.8757324218750000e-02
   5.7800292968750000e-02
   8.2977294921875000e-02
   1.0635375976562500e-01
   1.2426757812500000e-01
   1.3684082031250000e-01
   1.4074707031250000e-01
   1.3732910156250000e-01
   1.3870239257812500e-01
   1.3940429687500000e-01
   1.4401245117187500e-01
   1.5106201171875000e-01
   1.5057373046875000e-01
   1.4929199218750000e-01
   1.4453125000000000e-01
   1.3534545898437500e-01
   1.3232421875000000e-01
   1.3259887695312500e-01
   1.3641357421875000e-01
   1.3659667968750000e-01
   1.2973022460937500e-01
   1.1837768554687500e-01
   1.0305786132812500e-01
   8.9050292968750000e-02
   7.2082519531250000e-02
   5.6274414062500000e-02
   4.3151855468750000e-02
   2.8228759765625000e-02
   1.5960693359375000e-02
   5.1879882812500000e-04
  -1.4495849609375000e-02
  -2.4505615234375000e-02
  -3.1280517578125000e-02
  -3.1860351562500000e-02
  -3.0456542968750000e-02
  -2.8503417968750000e-02
  -2.8137207031250000e-02
  -3.1005859375000000e-02
  -3.2897949218750000e-02
  -3.5003662109375000e-02
  -3.5797119140625000e-02
  -3.6682128906250000e-02
  -3.9154052734375000e-02
  -3.9306640625000000e-02
  -4.0649414062500000e-02
  -4.4647216796875000e-02
  -5.0170898437500000e-02
  -5.5847167968750000e-02
  -5.4443359375000000e-02
  -4.9652099609375000e-02
  -4.1961669921875000e-02
  -3.4088134765625000e-02
  -2.7069091796875000e-02
  -1.9042968750000000e-02
  -1.3275146484375000e-02
  -9.1857910156250000e-03
  -3.1433105468750000e-03
   2.8076171875000000e-03
   1.2359619140625000e-02
   2.1301269531250000e-02
   2.7526855468750000e-02
   3.2379150390625000e-02
   3.4484863281250000e-02
   3.9154052734375000e-02
   4.7973632812500000e-02
   5.8715820312500000e-02
   6.9885253906250000e-02
   7.6690673828125000e-02
   8.0322265625000000e-02
   8.0474853515625000e-02
   7.8002929687500000e-02
   7.3730468750000000e-02
   7.1411132812500000e-02
   7.2814941406250000e-02
   7.4859619140625000e-02
   7.6782226562500000e-02
   7.5408935546875000e-02
   7.0983886718750000e-02
   6.9000244140625000e-02
   6.8664550781250000e-02
   6.8634033203125000e-02
   6.9213867187500000e-02
   6.5521240234375000e-02
   6.1340332031250000e-02
   5.5633544921875000e-02
   4.8278808593750000e-02
   4.2022705078125000e-02
   3.7445068359375000e-02
   3.6102294921875000e-02
   3.4759521484375000e-02
   3.3508300781250000e-02
   2.8594970703125000e-02
   2.0751953125000000e-02
   1.2847900390625000e-02
   4.4555664062500000e-03
  -2.6855468750000000e-03
  -8.7890625000000000e-03
  -1.6326904296875000e-02
  -2.3559570312500000e-02
  -3.2318115234375000e-02
  -4.0832519531250000e-02
  -4.8278808593750000e-02
  -5.3924560546875000e-02
  -5.7891845703125000e-02
  -5.9814453125000000e-02
  -6.1950683593750000e-02
  -6.5460205078125000e-02
  -7.1533203125000000e-02
  -7.7911376953125000e-02
  -8.5540771484375000e-02
  -9.1094970703125000e-02
  -9.5062255859375000e-02
  -9.8999023437500000e-02
  -1.0308837890625000e-01
  -1.0757446289062500e-01
  -1.1114501953125000e-01
  -1.1358642578125000e-01
  -1.1718750000000000e-01
  -1.2048339843750000e-01
  -1.2332153320312500e-01
  -1.2597656250000000e-01
  -1.2905883789062500e-01
  -1.3302612304687500e-01
  -1.3861083984375000e-01
  -1.4315795898437500e-01
  -1.4785766601562500e-01
  -1.4968872070312500e-01
  -1.5396118164062500e-01
  -1.5390014648437500e-01
  -1.5075683593750000e-01
  -1.3485717773437500e-01
  -1.1352539062500000e-01
  -9.2071533203125000e-02
  -7.7178955078125000e-02
  -7.1258544921875000e-02
  -6.3018798828125000e-02
  -5.6671142578125000e-02
  -4.9804687500000000e-02
  -3.7536621093750000e-02
  -2.4627685546875000e-02
  -5.0659179687500000e-03
   1.0528564453125000e-02
   1.4404296875000000e-02
   1.6540527343750000e-02
   2.4139404296875000e-02
