   1.5396118164062500e-01
   1.4663696289062500e-01
   1.3967895507812500e-01
   1.2802124023437500e-01
   1.2289428710937500e-01
   1.2780761718750000e-01
   1.3449096679687500e-01
   1.3879394531250000e-01
   1.3397216796875000e-01
   1.2371826171875000e-01
   1.1315917968750000e-01
   1.0729980468750000e-01
   1.0366821289062500e-01
   9.7717285156250000e-02
   9.1094970703125000e-02
   7.8948974609375000e-02
   6.1950683593750000e-02
   4.3243408203125000e-02
   2.2277832031250000e-02
   7.9956054687500000e-03
   1.2207031250000000e-04
  -4.0893554687500000e-03
  -6.7443847656250000e-03
  -1.3183593750000000e-02
  -2.0294189453125000e-02
  -2.8320312500000000e-02
  -3.2836914062500000e-02
  -3.1097412109375000e-02
  -2.8778076171875000e-02
  -2.5665283203125000e-02
  -2.7313232421875000e-02
  -3.2714843750000000e-02
  -3.8360595703125000e-02
  -4.5745849609375000e-02
  -5.3314208984375000e-02
  -5.9600830078125000e-02
  -6.1920166015625000e-02
  -6.1676025390625000e-02
  -6.1431884765625000e-02
  -6.1798095703125000e-02
  -6.3079833984375000e-02
  -5.9570312500000000e-02
  -5.0842285156250000e-02
  -3.9794921875000000e-02
  -2.7343750000000000e-02
  -1.4648437500000000e-02
  -5.5236816406250000e-03
   3.0212402343750000e-03
   7.5683593750000000e-03
   1.0101318359375000e-02
   1.4739990234375000e-02
   1.9165039062500000e-02
   2.7069091796875000e-02
   3.7139892578125000e-02
   4.4464111328125000e-02
   4.9621582031250000e-02
   5.2795410156250000e-02
   5.6304931640625000e-02
   6.1645507812500000e-02
   6.9671630859375000e-02
   7.5439453125000000e-02
   7.9193115234375000e-02
   8.2305908203125000e-02
   8.0596923828125000e-02
   7.6965332031250000e-02
   7.2875976562500000e-02
   6.8817138671875000e-02
   7.0068359375000000e-02
   7.1441650390625000e-02
   6.9824218750000000e-02
   6.6680908203125000e-02
   6.1187744140625000e-02
   5.6213378906250000e-02
   5.2368164062500000e-02
   5.0384521484375000e-02
   4.9804687500000000e-02
   4.7424316406250000e-02
   4.2144775390625000e-02
   3.2775878906250000e-02
   2.4108886718750000e-02
   1.5899658203125000e-02
   8.3923339843750000e-03
   3.9672851562500000e-03
  -1.0986328125000000e-03
  -6.4086914062500000e-03
  -1.3183593750000000e-02
  -2.3529052734375000e-02
  -3.2897949218750000e-02
  -3.9947509765625000e-02
  -4.5501708984375000e-02
  -5.0201416015625000e-02
  -5.6091308593750000e-02
  -6.3415527343750000e-02
  -7.0983886718750000e-02
  -7.8369140625000000e-02
  -8.4228515625000000e-02
  -8.9416503906250000e-02
  -9.3139648437500000e-02
  -9.8388671875000000e-02
  -1.0540771484375000e-01
  -1.1175537109375000e-01
  -1.2078857421875000e-01
  -1.2878417968750000e-01
  -1.3647460937500000e-01
  -1.4633178710937500e-01
  -1.5109252929687500e-01
  -1.5786743164062500e-01
  -1.6372680664062500e-01
  -1.7086791992187500e-01
  -1.7749023437500000e-01
  -1.8014526367187500e-01
  -1.6827392578125000e-01
  -1.4923095703125000e-01
  -1.2875366210937500e-01
  -1.1254882812500000e-01
  -1.0659790039062500e-01
  -9.7259521484375000e-02
  -9.0759277343750000e-02
  -8.3984375000000000e-02
  -7.1777343750000000e-02
  -5.8898925781250000e-02
  -3.8696289062500000e-02
  -2.0507812500000000e-02
  -1.6387939453125000e-02
  -1.5960693359375000e-02
  -9.5214843750000000e-03
   5.0964355468750000e-03
   2.9998779296875000e-02
   5.7922363281250000e-02
   7.7941894531250000e-02
   9.1857910156250000e-02
   1.0263061523437500e-01
   1.0467529296875000e-01
   1.1419677734375000e-01
   1.2954711914062500e-01
   1.4089965820312500e-01
   1.5469360351562500e-01
   1.5881347656250000e-01
   1.5270996093750000e-01
   1.4550781250000000e-01
   1.3369750976562500e-01
   1.2698364257812500e-01
   1.3079833984375000e-01
   1.3714599609375000e-01
   1.3980102539062500e-01
   1.3433837890625000e-01
   1.2435913085937500e-01
   1.1367797851562500e-01
   1.1083984375000000e-01
   1.1291503906250000e-01
   1.1270141601562500e-01
   1.1203002929687500e-01
   1.0159301757812500e-01
   8.3892822265625000e-02
   6.3629150390625000e-02
   4.1137695312500000e-02
   2.4047851562500000e-02
   1.2756347656250000e-02
   5.4321289062500000e-03
  -1.4038085937500000e-03
  -1.2786865234375000e-02
  -2.5604248046875000e-02
  -3.7170410156250000e-02
  -4.0985107421875000e-02
  -3.5766601562500000e-02
  -2.8198242187500000e-02
  -2.0660400390625000e-02
  -1.7272949218750000e-02
  -2.0141601562500000e-02
  -2.4749755859375000e-02
  -3.0120849609375000e-02
  -3.4484863281250000e-02
  -3.8177490234375000e-02
  -4.1320800781250000e-02
  -4.5166015625000000e-02
  -5.0567626953125000e-02
  -5.6427001953125000e-02
  -6.3873291015625000e-02
  -6.6345214843750000e-02
  -5.9326171875000000e-02
  -4.7973632812500000e-02
  -3.2287597656250000e-02
  -1.8829345703125000e-02
  -9.1552734375000000e-03
  -9.1552734375000000e-04
   6.8969726562500000e-03
   1.3580322265625000e-02
   1.9012451171875000e-02
   2.4444580078125000e-02
   2.8259277343750000e-02
   3.0731201171875000e-02
   3.4362792968750000e-02
   3.3386230468750000e-02
   3.5217285156250000e-02
   3.9489746093750000e-02
   4.6875000000000000e-02
   5.5145263671875000e-02
   6.3842773437500000e-02
   6.4666748046875000e-02
   6.7871093750000000e-02
   6.5826416015625000e-02
   8.0902099609375000e-02
   9.6527099609375000e-02
   8.7066650390625000e-02
   8.6029052734375000e-02
   6.3659667968750000e-02
   5.2520751953125000e-02
   4.1625976562500000e-02
   3.7384033203125000e-02
   3.4271240234375000e-02
   3.1524658203125000e-02
   3.1372070312500000e-02
   2.9724121093750000e-02
   2.5299072265625000e-02
   2.6123046875000000e-02
   1.9897460937500000e-02
   1.3519287109375000e-02
   6.4392089843750000e-03
  -5.3100585937500000e-03
  -2.1911621093750000e-02
  -3.4973144531250000e-02
  -3.9703369140625000e-02
  -4.5623779296875000e-02
  -4.9987792968750000e-02
  -5.5328369140625000e-02
  -6.1645507812500000e-02
  -6.6467285156250000e-02
  -7.0922851562500000e-02
  -7.6232910156250000e-02
  -8.4930419921875000e-02
  -9.2864990234375000e-02
  -9.9151611328125000e-02
  -1.0528564453125000e-01
  -1.1102294921875000e-01
  -1.1886596679687500e-01
  -1.2533569335937500e-01
  -1.3082885742187500e-01
  -1.3223266601562500e-01
  -1.3348388671875000e-01
  -1.3531494140625000e-01
  -1.3998413085937500e-01
  -1.4697265625000000e-01
  -1.5420532226562500e-01
  -1.5484619140625000e-01
  -1.3607788085937500e-01
  -1.1376953125000000e-01
  -8.7890625000000000e-02
  -7.7575683593750000e-02
  -7.1655273437500000e-02
  -5.9112548828125000e-02
  -5.1849365234375000e-02
  -4.1046142578125000e-02
  -2.7038574218750000e-02
  -2.0172119140625000e-02
  -4.8522949218750000e-03
  -2.2583007812500000e-03
  -1.6418457031250000e-02
  -2.5756835937500000e-02
  -2.5817871093750000e-02
  -1.1383056640625000e-02
   1.4099121093750000e-02
   4.0100097656250000e-02
   5.6152343750000000e-02
   6.5460205078125000e-02
   8.0841064453125000e-02
   9.0057373046875000e-02
   1.1404418945312500e-01
   1.4285278320312500e-01
   1.5512084960937500e-01
   1.6741943359375000e-01
   1.6281127929687500e-01
   1.4627075195312500e-01
   1.3360595703125000e-01
   1.1410522460937500e-01
   1.0418701171875000e-01
   1.0000610351562500e-01
   9.2071533203125000e-02
   7.8918457031250000e-02
   5.6549072265625000e-02
   4.1259765625000000e-02
   3.5552978515625000e-02
   4.2938232421875000e-02
   5.8135986328125000e-02
   6.3507080078125000e-02
   6.5032958984375000e-02
   5.8868408203125000e-02
   4.7058105468750000e-02
   4.0008544921875000e-02
   3.1768798828125000e-02
   2.4200439453125000e-02
   1.6998291015625000e-02
   5.7373046875000000e-03
  -9.1247558593750000e-03
  -2.9937744140625000e-02
  -4.4616699218750000e-02
  -4.9194335937500000e-02
  -4.3090820312500000e-02
  -2.6000976562500000e-02
  -1.2969970703125000e-02
  -2.0751953125000000e-03
   8.4533691406250000e-03
   1.5106201171875000e-02
   2.7404785156250000e-02
   4.1748046875000000e-02
   4.9896240234375000e-02
   5.2886962890625000e-02
   4.7027587890625000e-02
   3.4149169921875000e-02
   1.9866943359375000e-02
   4.2724609375000000e-03
  -9.9487304687500000e-03
  -1.6998291015625000e-02
  -1.4831542968750000e-02
  -1.0131835937500000e-02
  -5.1574707031250000e-03
   3.9672851562500000e-04
   6.1035156250000000e-03
   1.9317626953125000e-02
   3.7902832031250000e-02
   5.0598144531250000e-02
   5.7464599609375000e-02
   5.7434082031250000e-02
   4.9987792968750000e-02
   4.2327880859375000e-02
   3.2073974609375000e-02
   2.0629882812500000e-02
   1.3824462890625000e-02
   9.0942382812500000e-03
   4.7302246093750000e-03
   2.7160644531250000e-03
  -1.2207031250000000e-03
  -3.4179687500000000e-03
  -7.0190429687500000e-04
   6.3781738281250000e-03
   1.3641357421875000e-02
   1.7730712890625000e-02
   1.4770507812500000e-02
   8.3923339843750000e-03
   3.3569335937500000e-03
  -6.1035156250000000e-04
  -4.3334960937500000e-03
  -6.4392089843750000e-03
  -7.5683593750000000e-03
  -8.1176757812500000e-03
  -7.2937011718750000e-03
  -7.7819824218750000e-03
  -9.3994140625000000e-03
  -9.5825195312500000e-03
  -9.5214843750000000e-03
  -1.0162353515625000e-02
  -1.5747070312500000e-02
  -2.6885986328125000e-02
  -4.1381835937500000e-02
  -5.5572509765625000e-02
  -6.4605712890625000e-02
  -7.3120117187500000e-02
  -8.0322265625000000e-02
  -8.5693359375000000e-02
  -9.8693847656250000e-02
  -1.0873413085937500e-01
  -1.1499023437500000e-01
  -1.2634277343750000e-01
  -1.3055419921875000e-01
  -1.3720703125000000e-01
  -1.4422607421875000e-01
  -1.4736938476562500e-01
  -1.5768432617187500e-01
  -1.7056274414062500e-01
  -1.8038940429687500e-01
  -1.9198608398437500e-01
  -1.9934082031250000e-01
  -2.0471191406250000e-01
  -1.7929077148437500e-01
  -1.2805175781250000e-01
  -7.3852539062500000e-02
  -1.3824462890625000e-02
   1.2268066406250000e-02
   4.8339843750000000e-02
   9.6527099609375000e-02
   1.2969970703125000e-01
   1.6931152343750000e-01
   1.9003295898437500e-01
   1.9073486328125000e-01
   1.9766235351562500e-01
   1.6983032226562500e-01
   1.3735961914062500e-01
   1.0476684570312500e-01
   8.1237792968750000e-02
   7.0220947265625000e-02
   5.6396484375000000e-02
   4.1656494140625000e-02
   1.9500732421875000e-02
  -3.8146972656250000e-03
  -3.8757324218750000e-03
  -8.2092285156250000e-03
   1.2542724609375000e-02
   2.9998779296875000e-02
   2.5970458984375000e-02
   2.8533935546875000e-02
   1.5045166015625000e-02
  -2.6550292968750000e-03
  -7.6904296875000000e-03
  -2.6306152343750000e-02
  -3.1311035156250000e-02
  -3.7567138671875000e-02
  -4.9011230468750000e-02
  -5.8135986328125000e-02
  -7.0220947265625000e-02
  -5.9448242187500000e-02
  -3.4210205078125000e-02
   1.9531250000000000e-03
   4.6569824218750000e-02
   7.3272705078125000e-02
   9.8144531250000000e-02
   1.2075805664062500e-01
   1.3635253906250000e-01
   1.5777587890625000e-01
   1.6751098632812500e-01
   1.6400146484375000e-01
   1.5518188476562500e-01
   1.3146972656250000e-01
   1.0232543945312500e-01
   6.7291259765625000e-02
   3.7750244140625000e-02
   1.8890380859375000e-02
   3.4790039062500000e-03
  -5.4626464843750000e-03
  -1.8157958984375000e-02
  -2.9388427734375000e-02
  -2.5817871093750000e-02
  -2.0874023437500000e-02
  -7.8125000000000000e-03
   6.8664550781250000e-03
   8.3007812500000000e-03
   6.6528320312500000e-03
  -2.3498535156250000e-03
  -1.5472412109375000e-02
  -2.4597167968750000e-02
  -3.7170410156250000e-02
  -4.9743652343750000e-02
  -5.8563232421875000e-02
  -6.4666748046875000e-02
  -6.4117431640625000e-02
  -5.7434082031250000e-02
  -4.3029785156250000e-02
  -1.6723632812500000e-02
   2.0141601562500000e-02
   5.6701660156250000e-02
   8.8409423828125000e-02
   1.0861206054687500e-01
   1.2539672851562500e-01
   1.3955688476562500e-01
   1.4514160156250000e-01
   1.4215087890625000e-01
   1.2576293945312500e-01
   1.0250854492187500e-01
   7.9437255859375000e-02
   5.1452636718750000e-02
   2.8289794921875000e-02
   5.2490234375000000e-03
  -1.0803222656250000e-02
  -2.0111083984375000e-02
  -2.8106689453125000e-02
  -3.1341552734375000e-02
  -3.7048339843750000e-02
  -4.3060302734375000e-02
  -4.1717529296875000e-02
  -4.3792724609375000e-02
  -4.0740966796875000e-02
  -4.2327880859375000e-02
  -4.6905517578125000e-02
  -4.3304443359375000e-02
  -4.0100097656250000e-02
  -3.1799316406250000e-02
  -2.0660400390625000e-02
  -1.3519287109375000e-02
  -1.6174316406250000e-03
   6.4392089843750000e-03
   1.3885498046875000e-02
   1.6204833984375000e-02
   9.9487304687500000e-03
   2.8076171875000000e-03
  -8.9111328125000000e-03
  -2.3437500000000000e-02
  -3.7261962890625000e-02
  -5.8532714843750000e-02
  -7.6080322265625000e-02
  -9.4787597656250000e-02
  -1.1248779296875000e-01
  -1.2857055664062500e-01
  -1.4724731445312500e-01
  -1.6378784179687500e-01
  -1.7590332031250000e-01
  -1.8942260742187500e-01
  -1.9546508789062500e-01
  -2.0767211914062500e-01
  -2.1563720703125000e-01
  -2.2354125976562500e-01
  -2.3272705078125000e-01
  -2.4197387695312500e-01
  -2.5024414062500000e-01
  -2.5195312500000000e-01
  -2.0028686523437500e-01
  -1.2612915039062500e-01
  -4.9926757812500000e-02
   2.4688720703125000e-02
   5.6060791015625000e-02
   1.0839843750000000e-01
   1.7568969726562500e-01
   2.2860717773437500e-01
   2.8048706054687500e-01
   3.0114746093750000e-01
   2.9348754882812500e-01
   2.8494262695312500e-01
   2.3590087890625000e-01
   1.8682861328125000e-01
   1.3165283203125000e-01
   9.0606689453125000e-02
   5.8471679687500000e-02
   1.9653320312500000e-02
  -2.1575927734375000e-02
  -6.3751220703125000e-02
  -9.6832275390625000e-02
  -8.9660644531250000e-02
  -8.2916259765625000e-02
  -5.2124023437500000e-02
  -2.8564453125000000e-02
  -2.5054931640625000e-02
  -7.9956054687500000e-03
  -4.5776367187500000e-04
   5.9814453125000000e-03
   2.2552490234375000e-02
   2.0202636718750000e-02
   2.6458740234375000e-02
   2.2338867187500000e-02
   6.3476562500000000e-03
  -3.5705566406250000e-03
  -1.5045166015625000e-02
   9.1552734375000000e-05
   3.0364990234375000e-02
   5.9417724609375000e-02
   9.3658447265625000e-02
   1.1230468750000000e-01
   1.3183593750000000e-01
   1.6073608398437500e-01
   1.7834472656250000e-01
   1.9793701171875000e-01
   1.9796752929687500e-01
   1.7626953125000000e-01
   1.4956665039062500e-01
   1.0302734375000000e-01
   5.0964355468750000e-02
  -1.9531250000000000e-03
  -5.1971435546875000e-02
  -8.5540771484375000e-02
  -1.1895751953125000e-01
  -1.4431762695312500e-01
  -1.5979003906250000e-01
  -1.6384887695312500e-01
  -1.3934326171875000e-01
  -1.0897827148437500e-01
  -7.2875976562500000e-02
  -3.2073974609375000e-02
  -3.5705566406250000e-03
   2.5787353515625000e-02
   4.7668457031250000e-02
   5.8868408203125000e-02
   7.0190429687500000e-02
   6.7565917968750000e-02
   5.9753417968750000e-02
   5.0628662109375000e-02
   3.9642333984375000e-02
   3.8513183593750000e-02
   3.6956787109375000e-02
   4.2938232421875000e-02
   6.0729980468750000e-02
   7.5805664062500000e-02
   9.8663330078125000e-02
   1.1254882812500000e-01
   1.1602783203125000e-01
   1.2319946289062500e-01
   1.1590576171875000e-01
   1.0366821289062500e-01
   8.1573486328125000e-02
   4.5745849609375000e-02
   1.5075683593750000e-02
  -1.6601562500000000e-02
  -4.5776367187500000e-02
  -6.7230224609375000e-02
  -8.4533691406250000e-02
  -8.7219238281250000e-02
  -8.4442138671875000e-02
  -7.4096679687500000e-02
  -5.8074951171875000e-02
  -4.5074462890625000e-02
  -2.6489257812500000e-02
  -8.0566406250000000e-03
   7.0800781250000000e-03
   2.4688720703125000e-02
   3.0334472656250000e-02
   3.5430908203125000e-02
   3.9398193359375000e-02
   3.9611816406250000e-02
   3.9459228515625000e-02
   3.7811279296875000e-02
   3.2501220703125000e-02
   2.9113769531250000e-02
   1.8432617187500000e-02
   6.8969726562500000e-03
  -1.6082763671875000e-02
  -4.0008544921875000e-02
  -6.4422607421875000e-02
  -8.7554931640625000e-02
  -1.0858154296875000e-01
  -1.2927246093750000e-01
  -1.5335083007812500e-01
  -1.7028808593750000e-01
  -1.9146728515625000e-01
  -2.0703125000000000e-01
  -2.1978759765625000e-01
  -2.3141479492187500e-01
  -2.3776245117187500e-01
  -2.4032592773437500e-01
  -2.4597167968750000e-01
  -2.5070190429687500e-01
  -2.5579833984375000e-01
  -2.5686645507812500e-01
  -2.5430297851562500e-01
  -2.4948120117187500e-01
  -1.9943237304687500e-01
  -9.6588134765625000e-02
  -3.5095214843750000e-03
   9.8480224609375000e-02
   1.5072631835937500e-01
   1.9519042968750000e-01
   2.7661132812500000e-01
   3.3590698242187500e-01
   3.7356567382812500e-01
   3.8446044921875000e-01
   3.3877563476562500e-01
   2.9394531250000000e-01
   2.1499633789062500e-01
   1.2191772460937500e-01
   4.1412353515625000e-02
  -3.4027099609375000e-02
  -8.2672119140625000e-02
  -1.3513183593750000e-01
  -1.8789672851562500e-01
  -2.1960449218750000e-01
  -2.3828125000000000e-01
  -2.0935058593750000e-01
  -1.5762329101562500e-01
  -1.1050415039062500e-01
  -4.8492431640625000e-02
  -1.4923095703125000e-02
   3.0883789062500000e-02
   8.4960937500000000e-02
   1.1672973632812500e-01
   1.5023803710937500e-01
   1.6287231445312500e-01
   1.5869140625000000e-01
   1.5924072265625000e-01
   1.3119506835937500e-01
   1.1029052734375000e-01
   9.4146728515625000e-02
   8.5449218750000000e-02
   9.8815917968750000e-02
   9.9670410156250000e-02
   9.9822998046875000e-02
   1.0757446289062500e-01
   1.0577392578125000e-01
   1.2332153320312500e-01
   1.3125610351562500e-01
   1.2429809570312500e-01
   1.1221313476562500e-01
   7.2265625000000000e-02
   3.4667968750000000e-02
  -4.5166015625000000e-03
  -5.4321289062500000e-02
  -9.6435546875000000e-02
  -1.4218139648437500e-01
  -1.7086791992187500e-01
  -1.8295288085937500e-01
  -1.9299316406250000e-01
  -1.7916870117187500e-01
  -1.5148925781250000e-01
  -1.0003662109375000e-01
  -3.4210205078125000e-02
   1.8646240234375000e-02
   7.3913574218750000e-02
   1.2231445312500000e-01
   1.6098022460937500e-01
   1.9692993164062500e-01
   2.0581054687500000e-01
   2.0236206054687500e-01
   1.8600463867187500e-01
   1.5579223632812500e-01
   1.2695312500000000e-01
   8.8684082031250000e-02
   5.3253173828125000e-02
   3.2989501953125000e-02
   9.0026855468750000e-03
   1.3732910156250000e-03
  -9.1247558593750000e-03
  -1.6571044921875000e-02
  -1.0650634765625000e-02
  -1.1260986328125000e-02
  -7.0800781250000000e-03
  -4.2419433593750000e-03
  -1.2084960937500000e-02
  -1.5960693359375000e-02
  -2.5817871093750000e-02
  -3.2165527343750000e-02
  -3.3142089843750000e-02
  -3.9825439453125000e-02
  -3.8879394531250000e-02
  -3.7200927734375000e-02
  -2.9449462890625000e-02
  -1.6571044921875000e-02
  -6.1950683593750000e-03
   8.8500976562500000e-03
   2.3132324218750000e-02
   3.2073974609375000e-02
   4.2724609375000000e-02
   4.4525146484375000e-02
   4.7149658203125000e-02
   4.8370361328125000e-02
   4.4006347656250000e-02
   3.7414550781250000e-02
   2.8778076171875000e-02
   1.5228271484375000e-02
   5.6762695312500000e-03
  -8.8500976562500000e-03
  -2.5085449218750000e-02
  -4.7790527343750000e-02
  -7.2174072265625000e-02
  -1.0055541992187500e-01
  -1.2429809570312500e-01
  -1.4758300781250000e-01
  -1.6873168945312500e-01
  -1.8426513671875000e-01
  -1.9741821289062500e-01
  -2.0401000976562500e-01
  -2.1023559570312500e-01
  -2.1212768554687500e-01
  -2.1304321289062500e-01
  -2.1612548828125000e-01
  -2.1459960937500000e-01
  -2.2088623046875000e-01
  -2.2601318359375000e-01
  -2.2793579101562500e-01
  -2.3846435546875000e-01
  -2.3574829101562500e-01
  -1.6464233398437500e-01
  -5.2886962890625000e-02
   5.1727294921875000e-02
   1.5527343750000000e-01
   1.9207763671875000e-01
   2.5393676757812500e-01
   3.4167480468750000e-01
   3.9892578125000000e-01
   3.9773559570312500e-01
   3.8552856445312500e-01
   3.2812500000000000e-01
   2.4777221679687500e-01
   1.3742065429687500e-01
   2.1545410156250000e-02
  -7.9895019531250000e-02
  -1.5985107421875000e-01
  -2.1209716796875000e-01
  -2.7255249023437500e-01
  -3.1884765625000000e-01
  -3.3062744140625000e-01
  -3.1130981445312500e-01
  -2.2814941406250000e-01
  -1.4038085937500000e-01
  -6.0668945312500000e-02
   1.5777587890625000e-02
   6.7993164062500000e-02
   1.4080810546875000e-01
   2.0874023437500000e-01
   2.4337768554687500e-01
   2.6312255859375000e-01
   2.4475097656250000e-01
   2.2094726562500000e-01
   1.9204711914062500e-01
   1.4126586914062500e-01
   1.0369873046875000e-01
   6.9152832031250000e-02
   5.7830810546875000e-02
   6.0913085937500000e-02
   4.6142578125000000e-02
   4.1229248046875000e-02
   4.5318603515625000e-02
   5.6640625000000000e-02
   8.3465576171875000e-02
   8.5693359375000000e-02
   7.2509765625000000e-02
   4.6844482421875000e-02
   7.6904296875000000e-03
  -1.8798828125000000e-02
  -5.0201416015625000e-02
  -9.0118408203125000e-02
  -1.2615966796875000e-01
  -1.5585327148437500e-01
  -1.5536499023437500e-01
  -1.4184570312500000e-01
  -1.2393188476562500e-01
  -8.8073730468750000e-02
  -3.9916992187500000e-02
   2.9785156250000000e-02
   9.6191406250000000e-02
   1.3928222656250000e-01
   1.7965698242187500e-01
   2.1066284179687500e-01
   2.3590087890625000e-01
   2.4353027343750000e-01
   2.1759033203125000e-01
   1.8557739257812500e-01
   1.4840698242187500e-01
   1.0751342773437500e-01
   7.6934814453125000e-02
   2.7740478515625000e-02
  -1.0681152343750000e-02
  -3.5125732421875000e-02
  -5.5206298828125000e-02
  -5.6427001953125000e-02
  -5.7586669921875000e-02
  -5.7586669921875000e-02
  -4.5562744140625000e-02
  -4.2053222656250000e-02
  -3.3142089843750000e-02
  -2.7435302734375000e-02
  -2.5512695312500000e-02
  -1.5747070312500000e-02
  -8.4228515625000000e-03
   1.7700195312500000e-03
   7.1411132812500000e-03
   2.7160644531250000e-03
   6.9580078125000000e-03
   1.5838623046875000e-02
   2.8045654296875000e-02
   3.7414550781250000e-02
   3.3050537109375000e-02
   3.0731201171875000e-02
   2.5939941406250000e-02
   2.0446777343750000e-02
   1.4770507812500000e-02
   3.6315917968750000e-03
  -6.7749023437500000e-03
  -1.6265869140625000e-02
  -3.0609130859375000e-02
  -4.2877197265625000e-02
  -5.9661865234375000e-02
  -6.9976806640625000e-02
  -7.7697753906250000e-02
  -9.0576171875000000e-02
  -1.0662841796875000e-01
  -1.2487792968750000e-01
  -1.4816284179687500e-01
  -1.6259765625000000e-01
  -1.7324829101562500e-01
  -1.8154907226562500e-01
  -1.8661499023437500e-01
  -1.9415283203125000e-01
  -2.0407104492187500e-01
  -2.1224975585937500e-01
  -2.1740722656250000e-01
  -2.2167968750000000e-01
  -2.2100830078125000e-01
  -2.2463989257812500e-01
  -2.3233032226562500e-01
  -2.4575805664062500e-01
  -2.1313476562500000e-01
  -9.7656250000000000e-02
   1.1566162109375000e-02
   1.2509155273437500e-01
   1.9958496093750000e-01
   2.3184204101562500e-01
   3.2299804687500000e-01
   3.9852905273437500e-01
   3.9474487304687500e-01
   3.8684082031250000e-01
   3.6865234375000000e-01
   2.9418945312500000e-01
   1.9100952148437500e-01
   5.9722900390625000e-02
  -4.9438476562500000e-02
  -1.5188598632812500e-01
  -2.1893310546875000e-01
  -2.7282714843750000e-01
  -3.4130859375000000e-01
  -3.5855102539062500e-01
  -3.4863281250000000e-01
  -2.8417968750000000e-01
  -1.6900634765625000e-01
  -8.5845947265625000e-02
  -2.4414062500000000e-04
   6.9366455078125000e-02
   1.3308715820312500e-01
   2.2421264648437500e-01
   2.7206420898437500e-01
   2.9080200195312500e-01
   2.8454589843750000e-01
   2.4493408203125000e-01
   2.1539306640625000e-01
   1.5972900390625000e-01
   1.0021972656250000e-01
   6.2683105468750000e-02
   2.8808593750000000e-02
   2.3406982421875000e-02
   1.1291503906250000e-02
  -7.3242187500000000e-03
   8.0261230468750000e-03
   2.5634765625000000e-02
   5.7769775390625000e-02
   7.9711914062500000e-02
   6.6436767578125000e-02
   5.3405761718750000e-02
   2.4414062500000000e-02
  -3.9367675781250000e-03
  -2.6428222656250000e-02
  -7.0648193359375000e-02
  -1.0989379882812500e-01
  -1.4364624023437500e-01
  -1.5789794921875000e-01
  -1.4102172851562500e-01
  -1.2335205078125000e-01
  -8.5693359375000000e-02
  -2.6153564453125000e-02
   4.2205810546875000e-02
   1.1846923828125000e-01
   1.6891479492187500e-01
   2.0947265625000000e-01
   2.5213623046875000e-01
   2.7951049804687500e-01
   2.9400634765625000e-01
   2.6675415039062500e-01
   2.1292114257812500e-01
   1.6928100585937500e-01
   1.1636352539062500e-01
   7.7575683593750000e-02
   3.4271240234375000e-02
  -2.1606445312500000e-02
  -5.5419921875000000e-02
  -8.0535888671875000e-02
  -9.2468261718750000e-02
  -8.8592529296875000e-02
  -8.7951660156250000e-02
  -7.4035644531250000e-02
  -5.8898925781250000e-02
  -4.4738769531250000e-02
  -2.9846191406250000e-02
  -2.3040771484375000e-02
  -7.1716308593750000e-03
   1.1199951171875000e-02
   2.3193359375000000e-02
   2.9022216796875000e-02
   2.0843505859375000e-02
   1.7669677734375000e-02
   2.4932861328125000e-02
   3.3233642578125000e-02
   3.7872314453125000e-02
   2.9449462890625000e-02
   1.8493652343750000e-02
   1.1199951171875000e-02
   2.5939941406250000e-03
  -6.9885253906250000e-03
  -2.1911621093750000e-02
  -3.7841796875000000e-02
  -5.2368164062500000e-02
  -7.0983886718750000e-02
  -9.0515136718750000e-02
  -1.1077880859375000e-01
  -1.2622070312500000e-01
  -1.3562011718750000e-01
  -1.4767456054687500e-01
  -1.6009521484375000e-01
  -1.8307495117187500e-01
  -1.9601440429687500e-01
  -1.9946289062500000e-01
  -2.0040893554687500e-01
  -1.9775390625000000e-01
  -2.0858764648437500e-01
  -2.2515869140625000e-01
  -2.3330688476562500e-01
  -2.4270629882812500e-01
  -2.4768066406250000e-01
  -2.6000976562500000e-01
  -2.7151489257812500e-01
  -2.2042846679687500e-01
  -1.0232543945312500e-01
   4.3334960937500000e-03
   1.1816406250000000e-01
   1.8673706054687500e-01
   2.4685668945312500e-01
   3.5714721679687500e-01
   4.1168212890625000e-01
   3.9434814453125000e-01
   3.9196777343750000e-01
   3.7561035156250000e-01
   3.0648803710937500e-01
   1.9122314453125000e-01
   6.1218261718750000e-02
  -6.3049316406250000e-02
  -1.7196655273437500e-01
  -2.4493408203125000e-01
  -3.0905151367187500e-01
  -3.7493896484375000e-01
  -3.8043212890625000e-01
  -3.6462402343750000e-01
  -2.8570556640625000e-01
  -1.7199707031250000e-01
  -8.8653564453125000e-02
  -2.2583007812500000e-03
   7.4768066406250000e-02
   1.5826416015625000e-01
   2.4938964843750000e-01
   2.9034423828125000e-01
   3.0325317382812500e-01
   2.8851318359375000e-01
   2.5387573242187500e-01
   2.1984863281250000e-01
   1.5759277343750000e-01
   1.0104370117187500e-01
   6.2438964843750000e-02
   3.4606933593750000e-02
   2.9998779296875000e-02
   1.0986328125000000e-02
  -1.9226074218750000e-03
   1.5045166015625000e-02
   3.6315917968750000e-02
   6.7657470703125000e-02
   7.9742431640625000e-02
   6.5765380859375000e-02
   5.3344726562500000e-02
   3.0975341796875000e-02
   1.0040283203125000e-02
  -1.5716552734375000e-02
  -5.9082031250000000e-02
  -9.6954345703125000e-02
  -1.2756347656250000e-01
  -1.3540649414062500e-01
  -1.2371826171875000e-01
  -1.0894775390625000e-01
  -6.9366455078125000e-02
  -9.5520019531250000e-03
   6.0668945312500000e-02
   1.3574218750000000e-01
   1.9140625000000000e-01
   2.4673461914062500e-01
   2.9849243164062500e-01
   3.3145141601562500e-01
   3.3691406250000000e-01
   3.0273437500000000e-01
   2.4774169921875000e-01
   1.8939208984375000e-01
   1.3125610351562500e-01
   7.1380615234375000e-02
   4.5776367187500000e-04
  -6.6345214843750000e-02
  -1.1416625976562500e-01
  -1.4270019531250000e-01
  -1.4761352539062500e-01
  -1.4172363281250000e-01
  -1.2377929687500000e-01
  -9.3627929687500000e-02
  -6.0424804687500000e-02
  -2.8259277343750000e-02
   0.0000000000000000e+00
   2.4597167968750000e-02
   4.8156738281250000e-02
   6.7352294921875000e-02
   7.2265625000000000e-02
   5.9417724609375000e-02
   3.9978027343750000e-02
   2.4536132812500000e-02
   1.7028808593750000e-02
   1.1535644531250000e-02
  -7.3242187500000000e-04
  -1.8798828125000000e-02
  -3.5247802734375000e-02
  -4.6051025390625000e-02
  -5.2001953125000000e-02
  -6.3903808593750000e-02
  -7.9406738281250000e-02
  -1.0079956054687500e-01
  -1.1679077148437500e-01
  -1.3278198242187500e-01
  -1.5429687500000000e-01
  -1.7044067382812500e-01
  -1.8469238281250000e-01
  -1.9458007812500000e-01
  -1.9647216796875000e-01
  -2.1246337890625000e-01
  -2.2061157226562500e-01
  -2.2772216796875000e-01
  -2.3526000976562500e-01
  -2.3049926757812500e-01
  -2.3822021484375000e-01
  -2.5811767578125000e-01
  -2.6602172851562500e-01
  -2.7255249023437500e-01
  -2.0587158203125000e-01
  -8.2489013671875000e-02
   1.1230468750000000e-02
   1.2005615234375000e-01
   1.7654418945312500e-01
   2.3703002929687500e-01
   3.4490966796875000e-01
   4.0731811523437500e-01
   3.9526367187500000e-01
   3.9157104492187500e-01
   3.7255859375000000e-01
   3.0352783203125000e-01
   1.8637084960937500e-01
   6.8847656250000000e-02
  -3.1280517578125000e-02
  -1.3348388671875000e-01
  -2.0269775390625000e-01
  -2.8860473632812500e-01
  -3.6801147460937500e-01
  -3.8043212890625000e-01
  -3.7478637695312500e-01
  -2.9974365234375000e-01
  -2.0953369140625000e-01
  -1.4663696289062500e-01
  -6.4575195312500000e-02
   4.6691894531250000e-03
   9.9273681640625000e-02
   1.9891357421875000e-01
   2.4758911132812500e-01
   2.8393554687500000e-01
   2.7774047851562500e-01
   2.5704956054687500e-01
   2.3193359375000000e-01
   1.6888427734375000e-01
   1.2677001953125000e-01
   9.0209960937500000e-02
   5.3680419921875000e-02
   3.2928466796875000e-02
  -1.0986328125000000e-02
  -3.0761718750000000e-02
  -1.8737792968750000e-02
  -4.4860839843750000e-03
   2.3956298828125000e-02
   2.7069091796875000e-02
   1.8280029296875000e-02
   1.2512207031250000e-02
  -4.6997070312500000e-03
  -9.0637207031250000e-03
  -2.5451660156250000e-02
  -5.2551269531250000e-02
  -7.2998046875000000e-02
  -9.7137451171875000e-02
  -9.3048095703125000e-02
  -7.4981689453125000e-02
  -5.0079345703125000e-02
   7.6904296875000000e-03
   6.5368652343750000e-02
   1.3668823242187500e-01
   2.1948242187500000e-01
   2.6742553710937500e-01
   3.2067871093750000e-01
   3.5333251953125000e-01
   3.5522460937500000e-01
   3.4802246093750000e-01
   2.9586791992187500e-01
   2.2186279296875000e-01
   1.4685058593750000e-01
   6.5551757812500000e-02
   3.4179687500000000e-03
  -6.1340332031250000e-02
  -1.1251831054687500e-01
  -1.4355468750000000e-01
  -1.5982055664062500e-01
  -1.3980102539062500e-01
  -1.1520385742187500e-01
  -8.4960937500000000e-02
  -4.1900634765625000e-02
  -7.9956054687500000e-03
   2.8015136718750000e-02
   4.9926757812500000e-02
   5.5175781250000000e-02
   5.8441162109375000e-02
   5.3466796875000000e-02
   4.2663574218750000e-02
   2.0843505859375000e-02
  -9.2773437500000000e-03
  -3.2928466796875000e-02
  -4.8126220703125000e-02
  -5.1605224609375000e-02
  -5.4351806640625000e-02
  -5.9112548828125000e-02
  -6.4727783203125000e-02
  -7.1014404296875000e-02
  -7.6660156250000000e-02
  -7.9223632812500000e-02
  -8.2366943359375000e-02
  -9.2254638671875000e-02
  -1.0647583007812500e-01
  -1.2887573242187500e-01
  -1.6064453125000000e-01
  -1.8692016601562500e-01
  -2.1752929687500000e-01
  -2.4194335937500000e-01
  -2.7032470703125000e-01
  -2.9504394531250000e-01
  -3.2086181640625000e-01
  -3.3435058593750000e-01
  -3.3636474609375000e-01
  -3.3245849609375000e-01
  -3.2815551757812500e-01
  -2.6129150390625000e-01
  -1.3888549804687500e-01
  -3.1555175781250000e-02
   9.9609375000000000e-02
   1.7535400390625000e-01
   2.4020385742187500e-01
   3.4979248046875000e-01
   4.0911865234375000e-01
   3.9343261718750000e-01
   3.9169311523437500e-01
   3.7377929687500000e-01
   3.1274414062500000e-01
   2.0620727539062500e-01
   9.5764160156250000e-02
  -5.7678222656250000e-03
  -1.0256958007812500e-01
  -1.6116333007812500e-01
  -2.2647094726562500e-01
  -2.9095458984375000e-01
  -2.9827880859375000e-01
  -3.0960083007812500e-01
  -2.4551391601562500e-01
  -1.6806030273437500e-01
  -1.1807250976562500e-01
  -5.2307128906250000e-02
  -8.7585449218750000e-03
   5.0781250000000000e-02
   1.2704467773437500e-01
   1.5673828125000000e-01
   1.8621826171875000e-01
   1.8215942382812500e-01
   1.7102050781250000e-01
   1.6220092773437500e-01
   1.2112426757812500e-01
   1.0220336914062500e-01
   8.8470458984375000e-02
   7.5317382812500000e-02
   8.1481933593750000e-02
   5.6579589843750000e-02
   4.5471191406250000e-02
   5.3405761718750000e-02
   5.6457519531250000e-02
   7.7056884765625000e-02
   7.0281982421875000e-02
   4.4952392578125000e-02
   2.1301269531250000e-02
  -1.7059326171875000e-02
  -3.7902832031250000e-02
  -6.5032958984375000e-02
  -9.6923828125000000e-02
  -1.1569213867187500e-01
  -1.3217163085937500e-01
  -1.2191772460937500e-01
  -1.0369873046875000e-01
  -7.5500488281250000e-02
  -5.8593750000000000e-03
   8.2946777343750000e-02
   1.6143798828125000e-01
   2.3532104492187500e-01
   2.7053833007812500e-01
   2.8936767578125000e-01
   3.1567382812500000e-01
   3.2318115234375000e-01
   3.0212402343750000e-01
   2.5296020507812500e-01
   1.7428588867187500e-01
   1.0955810546875000e-01
   5.1177978515625000e-02
   2.5024414062500000e-03
  -3.4881591796875000e-02
  -6.4788818359375000e-02
  -7.3486328125000000e-02
  -7.9437255859375000e-02
  -7.5836181640625000e-02
  -5.6488037109375000e-02
  -3.8146972656250000e-02
   2.9296875000000000e-03
   3.3905029296875000e-02
   4.0618896484375000e-02
   4.0985107421875000e-02
   2.7313232421875000e-02
   2.6733398437500000e-02
   2.6611328125000000e-02
   1.2268066406250000e-02
  -7.1716308593750000e-03
  -3.7597656250000000e-02
  -6.1248779296875000e-02
  -7.4584960937500000e-02
  -8.6364746093750000e-02
  -8.9172363281250000e-02
  -1.0183715820312500e-01
  -1.0293579101562500e-01
  -1.0232543945312500e-01
  -1.0382080078125000e-01
  -9.6740722656250000e-02
  -9.5886230468750000e-02
  -8.6853027343750000e-02
  -8.2458496093750000e-02
  -9.5275878906250000e-02
  -1.1007690429687500e-01
  -1.3562011718750000e-01
  -1.6903686523437500e-01
  -1.8701171875000000e-01
  -2.2552490234375000e-01
  -2.5851440429687500e-01
  -2.9296875000000000e-01
  -3.1790161132812500e-01
  -3.1973266601562500e-01
  -3.1753540039062500e-01
  -2.6419067382812500e-01
  -1.4935302734375000e-01
  -7.2631835937500000e-02
   5.0476074218750000e-02
   1.3018798828125000e-01
   1.9290161132812500e-01
   3.0389404296875000e-01
   3.5812377929687500e-01
   3.7878417968750000e-01
   3.8412475585937500e-01
   3.1234741210937500e-01
   2.5692749023437500e-01
   1.5423583984375000e-01
   5.9997558593750000e-02
  -2.0233154296875000e-02
  -1.1987304687500000e-01
  -1.6659545898437500e-01
  -2.2674560546875000e-01
  -2.7603149414062500e-01
  -2.5646972656250000e-01
  -2.5759887695312500e-01
  -1.8051147460937500e-01
  -9.8876953125000000e-02
  -5.1177978515625000e-02
   2.3132324218750000e-02
   5.8990478515625000e-02
   1.1004638671875000e-01
   1.6683959960937500e-01
   1.7120361328125000e-01
   1.8405151367187500e-01
   1.5539550781250000e-01
   1.2057495117187500e-01
   9.4787597656250000e-02
   3.8726806640625000e-02
   2.4017333984375000e-02
   2.2583007812500000e-03
  -1.3214111328125000e-02
   5.7983398437500000e-03
  -6.4086914062500000e-03
   5.6762695312500000e-03
   2.7496337890625000e-02
   3.7811279296875000e-02
   7.9681396484375000e-02
   8.6639404296875000e-02
   8.1787109375000000e-02
   7.0312500000000000e-02
   3.9733886718750000e-02
   3.0639648437500000e-02
   5.4321289062500000e-03
  -1.9317626953125000e-02
  -2.6763916015625000e-02
  -4.2755126953125000e-02
  -2.0721435546875000e-02
   2.8381347656250000e-03
   1.9561767578125000e-02
   5.6457519531250000e-02
   8.2183837890625000e-02
   1.2036132812500000e-01
   1.5441894531250000e-01
   1.6403198242187500e-01
   1.7199707031250000e-01
   1.6363525390625000e-01
   1.5600585937500000e-01
   1.5081787109375000e-01
   1.2905883789062500e-01
   1.1520385742187500e-01
   9.5550537109375000e-02
   8.3770751953125000e-02
   8.0535888671875000e-02
   6.6833496093750000e-02
   5.5419921875000000e-02
   4.6875000000000000e-02
   3.5034179687500000e-02
   2.9510498046875000e-02
   9.8266601562500000e-03
  -1.2817382812500000e-02
  -2.9235839843750000e-02
  -4.2938232421875000e-02
  -4.7729492187500000e-02
  -5.2917480468750000e-02
  -6.3293457031250000e-02
  -6.3293457031250000e-02
  -6.1767578125000000e-02
  -5.3588867187500000e-02
  -4.6234130859375000e-02
  -4.6508789062500000e-02
  -4.2938232421875000e-02
  -4.4403076171875000e-02
  -4.8645019531250000e-02
  -5.2886962890625000e-02
  -6.4819335937500000e-02
  -6.9915771484375000e-02
  -8.0444335937500000e-02
  -9.2895507812500000e-02
  -1.0342407226562500e-01
  -1.2792968750000000e-01
  -1.3739013671875000e-01
  -1.4349365234375000e-01
  -1.5213012695312500e-01
  -1.5670776367187500e-01
  -1.7745971679687500e-01
  -1.9937133789062500e-01
  -2.1188354492187500e-01
  -2.3291015625000000e-01
  -2.3675537109375000e-01
  -2.5054931640625000e-01
  -2.5942993164062500e-01
  -2.5521850585937500e-01
  -2.0095825195312500e-01
  -1.3345336914062500e-01
  -6.5368652343750000e-02
   1.0009765625000000e-02
   7.2174072265625000e-02
   1.3729858398437500e-01
   2.2567749023437500e-01
   2.7044677734375000e-01
   3.0776977539062500e-01
   3.1350708007812500e-01
   2.9067993164062500e-01
   2.5692749023437500e-01
   1.9787597656250000e-01
   1.3458251953125000e-01
   6.1004638671875000e-02
  -4.9438476562500000e-03
  -5.2551269531250000e-02
  -1.1544799804687500e-01
  -1.5496826171875000e-01
  -1.8041992187500000e-01
  -1.9067382812500000e-01
  -1.5155029296875000e-01
  -1.2063598632812500e-01
  -8.8684082031250000e-02
  -5.1666259765625000e-02
  -1.4282226562500000e-02
   3.5003662109375000e-02
   7.0861816406250000e-02
   9.2315673828125000e-02
   1.0968017578125000e-01
   1.0659790039062500e-01
   1.0998535156250000e-01
   9.3475341796875000e-02
   7.5347900390625000e-02
   6.5124511718750000e-02
   4.9011230468750000e-02
   5.1025390625000000e-02
   5.8624267578125000e-02
   5.0476074218750000e-02
   5.4046630859375000e-02
   5.2032470703125000e-02
   6.2500000000000000e-02
   7.6385498046875000e-02
   7.9315185546875000e-02
   8.0627441406250000e-02
   7.2326660156250000e-02
   6.4117431640625000e-02
   6.0913085937500000e-02
   5.1696777343750000e-02
   4.4311523437500000e-02
   3.0487060546875000e-02
   2.5878906250000000e-02
   2.4566650390625000e-02
   1.3854980468750000e-02
   9.8266601562500000e-03
   6.8359375000000000e-03
   1.1596679687500000e-02
   2.8717041015625000e-02
   3.6926269531250000e-02
   3.9154052734375000e-02
   4.1809082031250000e-02
   4.8522949218750000e-02
   6.5185546875000000e-02
   8.2427978515625000e-02
   9.4879150390625000e-02
   1.0336303710937500e-01
   1.1093139648437500e-01
   1.1929321289062500e-01
   1.2023925781250000e-01
   1.1572265625000000e-01
   1.0421752929687500e-01
   8.3099365234375000e-02
   6.1431884765625000e-02
   3.3416748046875000e-02
  -4.5166015625000000e-03
  -4.0954589843750000e-02
  -7.1929931640625000e-02
  -9.3292236328125000e-02
  -1.0882568359375000e-01
  -1.2619018554687500e-01
  -1.3980102539062500e-01
  -1.4569091796875000e-01
  -1.4239501953125000e-01
  -1.2991333007812500e-01
  -1.1828613281250000e-01
  -1.0455322265625000e-01
  -9.4482421875000000e-02
  -8.2244873046875000e-02
  -6.6101074218750000e-02
  -6.2957763671875000e-02
  -6.0882568359375000e-02
  -5.8593750000000000e-02
  -6.8756103515625000e-02
  -6.9427490234375000e-02
  -7.9406738281250000e-02
  -9.5184326171875000e-02
  -1.0678100585937500e-01
  -1.2847900390625000e-01
  -1.4074707031250000e-01
  -1.6140747070312500e-01
  -1.7904663085937500e-01
  -1.9189453125000000e-01
  -2.1112060546875000e-01
  -2.0864868164062500e-01
  -1.6369628906250000e-01
  -1.2893676757812500e-01
  -6.8572998046875000e-02
  -2.0843505859375000e-02
   1.2725830078125000e-02
   6.8664550781250000e-02
   1.3125610351562500e-01
   1.7556762695312500e-01
   2.2445678710937500e-01
   2.3046875000000000e-01
   2.3175048828125000e-01
   2.0709228515625000e-01
   1.7645263671875000e-01
   1.4230346679687500e-01
   8.9416503906250000e-02
   5.1208496093750000e-02
   1.4007568359375000e-02
  -3.9489746093750000e-02
  -6.5765380859375000e-02
  -1.0467529296875000e-01
  -1.1157226562500000e-01
  -8.8867187500000000e-02
  -7.5286865234375000e-02
  -4.6905517578125000e-02
  -3.1158447265625000e-02
  -1.1230468750000000e-02
   2.4078369140625000e-02
   4.6630859375000000e-02
   7.6049804687500000e-02
   8.4869384765625000e-02
   7.9132080078125000e-02
   7.7575683593750000e-02
   5.1483154296875000e-02
   3.6285400390625000e-02
   1.6479492187500000e-02
  -7.4462890625000000e-03
  -7.5683593750000000e-03
  -1.3732910156250000e-02
  -1.1840820312500000e-02
  -8.8500976562500000e-04
   1.1016845703125000e-02
   5.0262451171875000e-02
   8.2977294921875000e-02
   1.1996459960937500e-01
   1.4721679687500000e-01
   1.5335083007812500e-01
   1.6574096679687500e-01
   1.6110229492187500e-01
   1.4730834960937500e-01
   1.3317871093750000e-01
   9.4177246093750000e-02
   6.6711425781250000e-02
   3.0883789062500000e-02
  -6.0729980468750000e-03
  -3.1738281250000000e-02
  -5.5389404296875000e-02
  -6.1523437500000000e-02
  -5.7037353515625000e-02
  -5.3253173828125000e-02
  -4.2388916015625000e-02
  -3.7933349609375000e-02
  -2.0782470703125000e-02
   2.8686523437500000e-03
   2.5512695312500000e-02
   4.8889160156250000e-02
   6.2347412109375000e-02
   6.9427490234375000e-02
   7.9711914062500000e-02
   8.3282470703125000e-02
   8.9080810546875000e-02
   9.0942382812500000e-02
   8.5388183593750000e-02
   7.8338623046875000e-02
   6.2347412109375000e-02
   3.8970947265625000e-02
   1.3427734375000000e-02
  -1.5808105468750000e-02
  -3.7933349609375000e-02
  -6.3659667968750000e-02
  -9.0026855468750000e-02
  -1.1477661132812500e-01
  -1.4111328125000000e-01
  -1.5484619140625000e-01
  -1.6104125976562500e-01
  -1.6598510742187500e-01
  -1.5933227539062500e-01
  -1.5499877929687500e-01
  -1.4648437500000000e-01
  -1.3314819335937500e-01
  -1.1926269531250000e-01
  -1.0888671875000000e-01
  -9.3017578125000000e-02
  -7.8338623046875000e-02
  -7.0739746093750000e-02
  -6.5460205078125000e-02
  -6.5856933593750000e-02
  -7.5775146484375000e-02
  -8.0322265625000000e-02
  -8.6334228515625000e-02
  -9.2315673828125000e-02
  -1.0617065429687500e-01
  -1.1926269531250000e-01
  -1.3183593750000000e-01
  -1.1865234375000000e-01
  -8.3312988281250000e-02
  -5.0964355468750000e-02
  -9.0637207031250000e-03
   1.8127441406250000e-02
   3.7658691406250000e-02
   7.2753906250000000e-02
   9.9670410156250000e-02
   1.2908935546875000e-01
   1.4541625976562500e-01
   1.4239501953125000e-01
   1.3500976562500000e-01
   1.0894775390625000e-01
   9.3780517578125000e-02
   6.8817138671875000e-02
   4.7302246093750000e-02
   4.3457031250000000e-02
   2.4414062500000000e-02
   9.8876953125000000e-03
  -5.7983398437500000e-04
  -1.8737792968750000e-02
  -5.4016113281250000e-03
   6.1035156250000000e-03
   2.1911621093750000e-02
   3.2135009765625000e-02
   3.0242919921875000e-02
   3.3050537109375000e-02
   3.2287597656250000e-02
   3.6193847656250000e-02
   4.4921875000000000e-02
   3.6773681640625000e-02
   3.6560058593750000e-02
   2.4841308593750000e-02
   1.3031005859375000e-02
   1.3061523437500000e-02
   1.0467529296875000e-02
   2.1911621093750000e-02
   3.5278320312500000e-02
   4.3670654296875000e-02
   5.1818847656250000e-02
   4.9957275390625000e-02
   5.8654785156250000e-02
   6.8145751953125000e-02
   7.6660156250000000e-02
   8.6212158203125000e-02
   7.9132080078125000e-02
   7.5103759765625000e-02
   6.7382812500000000e-02
   5.9143066406250000e-02
   5.7861328125000000e-02
   5.3314208984375000e-02
   5.0201416015625000e-02
   4.6295166015625000e-02
   3.8208007812500000e-02
   3.2775878906250000e-02
   2.7191162109375000e-02
   2.6977539062500000e-02
   2.5634765625000000e-02
   2.2857666015625000e-02
   1.7181396484375000e-02
   6.9885253906250000e-03
  -5.6457519531250000e-03
  -1.4251708984375000e-02
  -1.7181396484375000e-02
  -1.6174316406250000e-02
  -1.5014648437500000e-02
  -1.7456054687500000e-02
  -1.7700195312500000e-02
  -1.4587402343750000e-02
  -9.7351074218750000e-03
  -3.0517578125000000e-04
   4.1198730468750000e-03
   7.6293945312500000e-03
   9.0026855468750000e-03
   6.8969726562500000e-03
   5.2490234375000000e-03
  -1.2207031250000000e-04
  -3.9367675781250000e-03
  -8.6669921875000000e-03
  -1.5655517578125000e-02
  -2.4932861328125000e-02
  -3.9398193359375000e-02
  -5.3619384765625000e-02
  -6.4697265625000000e-02
  -7.4707031250000000e-02
  -8.2031250000000000e-02
  -9.5428466796875000e-02
  -1.0589599609375000e-01
  -1.1535644531250000e-01
  -1.2039184570312500e-01
  -1.1645507812500000e-01
  -1.1450195312500000e-01
  -1.1392211914062500e-01
  -1.0946655273437500e-01
  -1.0479736328125000e-01
  -9.9273681640625000e-02
  -9.1583251953125000e-02
  -8.6975097656250000e-02
  -8.2366943359375000e-02
  -7.6293945312500000e-02
  -7.2692871093750000e-02
  -7.0922851562500000e-02
  -7.3394775390625000e-02
  -7.4340820312500000e-02
  -7.3028564453125000e-02
  -5.5999755859375000e-02
  -3.2196044921875000e-02
  -1.7669677734375000e-02
   1.4038085937500000e-03
   1.2298583984375000e-02
   2.5573730468750000e-02
   4.9774169921875000e-02
   6.4880371093750000e-02
   8.2305908203125000e-02
   8.8531494140625000e-02
   8.7890625000000000e-02
   8.7951660156250000e-02
   7.8277587890625000e-02
   7.4493408203125000e-02
   6.4636230468750000e-02
   5.5419921875000000e-02
   5.3192138671875000e-02
   3.8360595703125000e-02
   3.0364990234375000e-02
   2.2338867187500000e-02
   1.6265869140625000e-02
   2.4383544921875000e-02
   2.6702880859375000e-02
   3.0609130859375000e-02
   3.1127929687500000e-02
   2.9052734375000000e-02
   3.3996582031250000e-02
   3.5949707031250000e-02
   4.1198730468750000e-02
   4.6020507812500000e-02
   4.5776367187500000e-02
   5.0933837890625000e-02
   5.1696777343750000e-02
   5.2337646484375000e-02
   5.2337646484375000e-02
   4.9987792968750000e-02
   5.1696777343750000e-02
   5.2459716796875000e-02
   4.9530029296875000e-02
   4.2602539062500000e-02
   3.3843994140625000e-02
   2.9357910156250000e-02
   2.7862548828125000e-02
   2.7832031250000000e-02
   2.9022216796875000e-02
   2.7587890625000000e-02
   2.7038574218750000e-02
   2.9876708984375000e-02
   3.2562255859375000e-02
   3.6346435546875000e-02
   3.9398193359375000e-02
   4.1198730468750000e-02
   4.2053222656250000e-02
   3.9062500000000000e-02
   3.5156250000000000e-02
   2.9815673828125000e-02
   2.6367187500000000e-02
   2.4017333984375000e-02
   1.9561767578125000e-02
   1.1413574218750000e-02
   3.9367675781250000e-03
  -8.8806152343750000e-03
  -1.0772705078125000e-02
  -1.1322021484375000e-02
  -1.1505126953125000e-02
  -8.8806152343750000e-03
  -1.3519287109375000e-02
  -8.1481933593750000e-03
  -9.5214843750000000e-03
  -1.0925292968750000e-02
  -7.9345703125000000e-03
  -8.0566406250000000e-03
  -9.6130371093750000e-03
  -1.0589599609375000e-02
  -1.5472412109375000e-02
  -1.5930175781250000e-02
  -1.7974853515625000e-02
  -1.7517089843750000e-02
  -1.8981933593750000e-02
  -2.4353027343750000e-02
  -2.9907226562500000e-02
  -3.8299560546875000e-02
  -4.3762207031250000e-02
  -4.6142578125000000e-02
  -5.2093505859375000e-02
  -5.1330566406250000e-02
  -5.3649902343750000e-02
  -5.4565429687500000e-02
  -5.2764892578125000e-02
  -5.3955078125000000e-02
  -5.4718017578125000e-02
  -5.7739257812500000e-02
  -6.0821533203125000e-02
  -6.4025878906250000e-02
  -6.5887451171875000e-02
  -6.0272216796875000e-02
  -5.6152343750000000e-02
  -5.0781250000000000e-02
  -4.6478271484375000e-02
  -4.6112060546875000e-02
  -4.3090820312500000e-02
  -4.1259765625000000e-02
  -3.2226562500000000e-02
  -3.5644531250000000e-02
  -3.4362792968750000e-02
  -3.6926269531250000e-02
  -3.6651611328125000e-02
  -3.5583496093750000e-02
  -3.4332275390625000e-02
  -3.4454345703125000e-02
  -3.2867431640625000e-02
  -2.2460937500000000e-02
  -1.5197753906250000e-02
  -7.4462890625000000e-03
   1.1291503906250000e-03
   4.8522949218750000e-03
   1.7822265625000000e-02
   2.5634765625000000e-02
   3.4759521484375000e-02
   4.1625976562500000e-02
   3.8238525390625000e-02
   4.2388916015625000e-02
   4.0985107421875000e-02
   3.8665771484375000e-02
   3.6041259765625000e-02
   2.8747558593750000e-02
   3.0761718750000000e-02
   2.7954101562500000e-02
   2.7923583984375000e-02
   2.9846191406250000e-02
   2.5573730468750000e-02
   3.0120849609375000e-02
   3.3325195312500000e-02
   3.7078857421875000e-02
   4.2510986328125000e-02
   4.0954589843750000e-02
   4.2938232421875000e-02
   4.2480468750000000e-02
   4.3365478515625000e-02
   4.3640136718750000e-02
   4.4586181640625000e-02
   4.3609619140625000e-02
   4.2236328125000000e-02
   3.6346435546875000e-02
   3.6895751953125000e-02
   3.3599853515625000e-02
   3.2745361328125000e-02
   3.3782958984375000e-02
   3.4271240234375000e-02
   3.1402587890625000e-02
   3.2592773437500000e-02
   3.5858154296875000e-02
   3.6499023437500000e-02
   4.1595458984375000e-02
   4.0893554687500000e-02
   4.2236328125000000e-02
   4.0771484375000000e-02
   3.9947509765625000e-02
   3.6407470703125000e-02
   2.8869628906250000e-02
   2.5451660156250000e-02
   1.7028808593750000e-02
   1.4862060546875000e-02
   5.7067871093750000e-03
   4.2114257812500000e-03
   9.4604492187500000e-04
  -2.1972656250000000e-03
  -2.7770996093750000e-03
  -6.4392089843750000e-03
  -6.1035156250000000e-03
  -5.2795410156250000e-03
  -3.5095214843750000e-03
  -2.1972656250000000e-03
  -1.0070800781250000e-03
  -2.6245117187500000e-03
  -4.7302246093750000e-03
  -2.6855468750000000e-03
  -4.5776367187500000e-04
  -1.0070800781250000e-03
  -3.7841796875000000e-03
  -5.1574707031250000e-03
   3.3569335937500000e-04
  -4.3334960937500000e-03
  -9.0637207031250000e-03
  -1.0925292968750000e-02
  -1.8829345703125000e-02
  -1.8310546875000000e-02
  -2.0141601562500000e-02
  -3.0151367187500000e-02
  -3.3233642578125000e-02
  -4.1809082031250000e-02
  -4.3365478515625000e-02
  -4.4250488281250000e-02
  -4.2724609375000000e-02
  -4.0222167968750000e-02
  -4.3426513671875000e-02
  -3.8543701171875000e-02
  -3.4118652343750000e-02
  -3.2897949218750000e-02
  -2.9296875000000000e-02
  -2.5482177734375000e-02
  -2.4871826171875000e-02
  -2.2216796875000000e-02
  -2.1972656250000000e-02
  -2.9296875000000000e-02
  -2.4963378906250000e-02
  -2.6885986328125000e-02
  -2.1209716796875000e-02
  -2.7740478515625000e-02
  -1.7181396484375000e-02
  -2.4261474609375000e-02
  -1.7333984375000000e-02
  -1.4221191406250000e-02
  -1.5808105468750000e-02
  -1.2237548828125000e-02
  -9.7656250000000000e-03
  -7.7514648437500000e-03
  -5.5847167968750000e-03
  -4.3945312500000000e-03
  -3.5705566406250000e-03
  -4.3640136718750000e-03
  -4.0893554687500000e-03
  -3.9367675781250000e-03
  -8.9416503906250000e-03
  -8.8500976562500000e-03
  -1.3397216796875000e-02
  -1.2420654296875000e-02
  -1.5258789062500000e-02
  -1.0681152343750000e-02
  -7.5073242187500000e-03
  -5.7373046875000000e-03
   2.0141601562500000e-03
   2.6245117187500000e-03
   1.2115478515625000e-02
   1.3427734375000000e-02
   1.9714355468750000e-02
   1.9531250000000000e-02
   1.7852783203125000e-02
   2.2369384765625000e-02
   2.2033691406250000e-02
   2.2644042968750000e-02
   2.1057128906250000e-02
   1.7547607421875000e-02
   1.6937255859375000e-02
   1.4556884765625000e-02
   1.6113281250000000e-02
   1.4892578125000000e-02
   1.7211914062500000e-02
   2.0294189453125000e-02
   2.1392822265625000e-02
   2.5909423828125000e-02
   2.8594970703125000e-02
   2.9724121093750000e-02
   3.8055419921875000e-02
   3.8787841796875000e-02
   4.1503906250000000e-02
   4.1900634765625000e-02
   4.3731689453125000e-02
   4.3273925781250000e-02
   4.7210693359375000e-02
   4.6356201171875000e-02
   4.7607421875000000e-02
   5.9997558593750000e-02
   5.6427001953125000e-02
   5.5389404296875000e-02
   5.1513671875000000e-02
   4.2114257812500000e-02
   3.3691406250000000e-02
   2.5146484375000000e-02
   1.4923095703125000e-02
   1.2634277343750000e-02
   9.9792480468750000e-03
   3.8452148437500000e-03
   7.4768066406250000e-03
   3.1433105468750000e-03
   6.3476562500000000e-03
   1.0681152343750000e-02
   8.3923339843750000e-03
   1.0162353515625000e-02
   5.2185058593750000e-03
  -2.9602050781250000e-03
   3.3569335937500000e-03
  -4.0893554687500000e-03
  -1.8310546875000000e-04
  -4.1503906250000000e-03
  -4.0283203125000000e-03
   4.9133300781250000e-03
  -3.1127929687500000e-03
   5.5541992187500000e-03
   6.2866210937500000e-03
   3.0517578125000000e-03
   9.1247558593750000e-03
  -3.1127929687500000e-03
  -4.7912597656250000e-03
  -1.5655517578125000e-02
  -1.5930175781250000e-02
  -1.8981933593750000e-02
  -1.7791748046875000e-02
  -2.0965576171875000e-02
  -1.7852783203125000e-02
  -2.7252197265625000e-02
  -1.8005371093750000e-02
  -2.7069091796875000e-02
  -2.2491455078125000e-02
  -2.1606445312500000e-02
  -1.9012451171875000e-02
